Round: 3, Step 0
G_mean: 0.9167: 0.6339,7.8484,264,468,76,9,59,0.634,0.0315
G_mean: 0.6803: 0.3268,2.6808,291,484,99,6,15,0.812,0.0182
G_mean: 0.0000: 0.0304,5.8269,240,99,37,6,57,0.0597,0.0969
G_mean: 0.8250: 0.4241,15.6879,54,319,27,8,87,0.4687,0.0086
G_mean: 0.5954: 0.7125,11.3789,129,103,23,4,45,0.8107,0.0318
G_mean: 0.0000: 0.4259,18.9406,117,412,91,8,31,0.9802,0.012
G_mean: 0.0000: 0.0407,6.5024,146,55,61,6,30,0.6912,0.0126
G_mean: 0.9040: 0.5285,2.2159,73,311,48,7,83,0.8017,0.0231
G_mean: 0.3611: 0.5933,6.6713,264,85,86,3,22,0.3931,0.0616
G_mean: 0.3772: 0.282,9.9202,247,229,32,8,78,0.344,0.0864
G_mean: 0.9117: 0.8296,14.9035,78,380,93,5,81,0.4356,0.0839
G_mean: 0.0000: 0.5094,16.8958,183,390,29,7,27,0.9852,0.0591
G_mean: 0.6463: 0.721,9.7415,100,82,89,5,63,0.4424,0.0211
G_mean: 0.5825: 0.3986,12.1631,195,64,38,10,48,0.3405,0.0505
G_mean: 0.8860: 0.3886,9.6884,110,416,29,6,24,0.4951,0.0974
G_mean: 0.7766: 0.9206,19.9232,33,294,25,6,86,0.9032,0.0774
G_mean: 0.2888: 0.6679,10.5342,279,165,92,7,22,0.2717,0.0543
G_mean: 0.8516: 0.7181,1.5789,138,394,90,10,56,0.3091,0.0268
G_mean: 0.6168: 0.8161,15.1831,172,65,85,2,49,0.8599,0.0232
G_mean: 0.8095: 0.0031,11.6369,129,143,14,3,13,0.2509,0.0401
G_mean: 0.9002: 0.4287,17.1543,176,337,30,4,38,0.56,0.0864
G_mean: 0.5925: 0.9941,16.8423,128,189,44,4,97,0.5663,0.0038
G_mean: 0.8597: 0.6274,9.3564,299,267,37,2,33,0.6443,0.087
G_mean: 0.6158: 0.455,14.5824,71,62,18,7,93,0.4728,0.0272
G_mean: 0.4478: 0.8853,12.0956,199,43,81,10,48,0.3784,0.0474
G_mean: 0.4677: 0.5019,18.6777,238,218,76,5,67,0.387,0.0907
G_mean: 0.0000: 0.6224,5.2711,275,20,46,6,21,0.4177,0.0862
G_mean: 0.0000: 0.6463,2.9632,185,24,27,3,2,0.8625,0.0785
G_mean: 0.8585: 0.3072,17.9737,287,306,46,7,86,0.1252,0.026
G_mean: 0.8180: 0.9781,7.6538,287,268,46,6,88,0.3005,0.044
G_mean: 0.8802: 0.0211,3.8766,75,434,35,6,7,0.3539,0.0156
G_mean: 0.7714: 0.8259,11.9565,265,400,92,7,83,0.9451,0.0215
G_mean: 0.5487: 0.4458,19.5903,91,64,49,8,97,0.1473,0.0433
G_mean: 0.0000: 0.7742,18.6852,231,468,36,2,73,0.9589,0.0592
G_mean: 0.8585: 0.4204,5.672,263,237,83,9,51,0.5121,0.0085
G_mean: 0.8462: 0.3415,14.359,197,210,5,6,61,0.8078,0.0281
G_mean: 0.7621: 0.0827,11.8731,255,311,83,5,55,0.7018,0.0138
G_mean: 0.8456: 0.2966,11.2974,122,252,47,1,61,0.6554,0.0894
G_mean: 0.6383: 0.3406,12.9362,255,150,49,6,50,0.7729,0.011
G_mean: 0.8878: 0.734,18.6921,96,240,97,5,63,0.5195,0.0649
G_mean: 0.8740: 0.7157,11.3586,125,406,85,2,61,0.2882,0.0318
G_mean: 0.2561: 0.5405,4.6077,292,157,85,8,33,0.2746,0.0755
G_mean: 0.7900: 0.0118,17.0336,288,240,92,3,53,0.3496,0.003
G_mean: 0.0000: 0.6276,16.5348,59,34,18,1,62,0.7103,0.0696
G_mean: 0.8720: 0.7329,16.2505,61,470,85,10,11,0.5306,0.01
G_mean: 0.7556: 0.742,12.8761,288,123,50,6,66,0.0083,0.0399
G_mean: 0.7725: 0.3503,16.8734,80,481,79,10,48,0.882,0.0406
G_mean: 0.5793: 0.4844,10.2464,257,435,37,5,74,0.8837,0.0922
G_mean: 0.4611: 0.2199,13.7578,61,65,9,7,89,0.1486,0.0814
G_mean: 0.6574: 0.0899,12.2574,178,493,100,3,88,0.9174,0.0035
G_mean: 0.1717: 0.6339,7.8484,264,468,76,9,55,0.634,0.0585
G_mean: 0.8480: 0.3268,2.6808,186,335,99,6,42,0.812,0.0182
G_mean: 0.3406: 0.5009,8.9695,240,99,37,6,57,0.0597,0.0717
G_mean: 0.3975: 0.4241,17.1239,111,319,27,8,87,0.4687,0.0893
G_mean: 0.7150: 0.7125,11.3789,129,103,46,4,52,0.8107,0.0318
G_mean: 0.1291: 0.4259,18.9406,117,413,78,6,31,0.9802,0.0127
G_mean: 0.6992: 0.4188,7.8476,12,133,61,6,30,0.4143,0.0372
G_mean: 0.8671: 0.5285,2.2159,276,311,48,4,80,0.8017,0.0231
G_mean: 0.1826: 0.5933,6.6713,264,85,86,3,49,0.3931,0.0041
G_mean: 0.8297: 0.6809,9.7058,122,229,32,8,50,0.344,0.0638
G_mean: 0.4874: 0.826,14.9035,252,380,88,5,81,0.4356,0.0839
G_mean: 0.6232: 0.5094,7.6671,183,390,29,7,27,0.9852,0.0814
G_mean: 0.5517: 0.721,9.7415,100,82,41,5,57,0.4424,0.0211
G_mean: 0.4135: 0.3986,12.1631,195,64,38,10,48,0.3405,0.0505
G_mean: 0.0000: 0.3886,13.5857,110,416,39,6,24,0.973,0.0974
G_mean: 0.8777: 0.9206,19.9232,33,362,28,6,86,0.135,0.0774
G_mean: 0.8093: 0.6679,10.5342,279,165,17,4,22,0.2717,0.0543
G_mean: 0.4178: 0.7181,1.5789,272,394,90,10,57,0.3091,0.0268
G_mean: 0.6228: 0.8161,15.1831,172,65,40,2,49,0.6132,0.0232
G_mean: 0.7994: 0.3317,3.335,129,143,14,3,13,0.353,0.0401
G_mean: 0.4347: 0.4287,17.1543,176,337,30,3,48,0.699,0.0864
G_mean: 0.7584: 0.9941,16.8423,128,228,44,8,97,0.5663,0.0038
G_mean: 0.7150: 0.6902,9.3564,72,267,37,2,98,0.6443,0.087
G_mean: 0.8215: 0.455,12.4747,238,219,40,7,93,0.4728,0.0272
G_mean: 0.7995: 0.8853,12.0956,199,257,62,10,48,0.3784,0.0673
G_mean: 0.3436: 0.5019,18.6777,238,218,76,5,52,0.387,0.0907
G_mean: 0.0000: 0.6685,5.2711,275,20,46,3,5,0.233,0.0918
G_mean: 0.0000: 0.7199,6.917,286,24,27,3,2,0.8625,0.0785
G_mean: 0.9091: 0.3072,17.9737,66,349,89,7,86,0.3194,0.0377
G_mean: 0.6987: 0.4815,7.6538,287,103,46,6,88,0.5408,0.044
G_mean: 0.0000: 0.5971,3.8766,242,434,92,1,7,0.3539,0.0156
G_mean: 0.8847: 0.8259,11.9565,218,400,92,7,83,0.9451,0.0215
G_mean: 0.6200: 0.4458,19.5903,91,64,88,8,97,0.1473,0.0877
G_mean: 0.7703: 0.7742,18.6852,250,468,36,6,73,0.9589,0.0592
G_mean: 0.8432: 0.4204,5.672,263,237,60,9,51,0.5121,0.0085
G_mean: 0.1813: 0.3415,14.359,197,165,5,2,61,0.8078,0.0389
G_mean: 0.7595: 0.0827,11.8731,255,311,83,5,18,0.8233,0.0778
G_mean: 0.8489: 0.2966,11.2974,122,252,47,1,34,0.6554,0.093
G_mean: 0.5454: 0.6464,12.9362,255,150,49,6,67,0.7729,0.011
G_mean: 0.8646: 0.734,18.6921,96,240,97,3,18,0.5195,0.0649
G_mean: 0.8610: 0.7157,11.7536,125,406,85,2,61,0.2882,0.0848
G_mean: 0.6992: 0.5405,13.8773,113,157,85,7,33,0.2746,0.0827
G_mean: 0.8523: 0.7095,17.0336,288,240,21,3,53,0.337,0.0608
G_mean: 0.5692: 0.6276,16.5348,59,34,18,4,62,0.6137,0.0696
G_mean: 0.8976: 0.2709,16.2505,61,470,85,10,11,0.5306,0.01
G_mean: 0.3382: 0.7039,17.0428,288,123,50,6,66,0.0083,0.0613
G_mean: 0.7755: 0.8708,16.8734,145,481,46,10,48,0.0339,0.0406
G_mean: 0.4935: 0.1932,10.2464,257,318,70,5,74,0.8837,0.0922
G_mean: 0.6953: 0.71,13.7578,61,210,9,7,4,0.1486,0.0814
G_mean: 0.8423: 0.0899,12.2574,178,493,100,1,88,0.2421,0.0035
Step: 0, max G_mean: 0.9166959647084235, hyperparameter: [0.6338563079273515, 7.848357516339469, 263.7992720068297, 468.28313442251016, 75.64653618454814, 8.707199961574442, 59.04146382747422, 0.6340119032553488, 0.031451710124292986]
Round: 3, Step 1
G_mean: 0.8857: 0.6339,7.8484,264,468,76,10,59,0.634,0.0315
G_mean: 0.8789: 0.3268,2.6808,186,465,79,9,42,0.812,0.0182
G_mean: 0.8782: 0.4241,19.982,54,319,27,8,85,0.4687,0.0086
G_mean: 0.8600: 0.5285,2.2159,73,333,48,3,83,0.8017,0.0231
G_mean: 0.8694: 0.6809,15.7466,122,229,29,8,50,0.344,0.0089
G_mean: 0.3101: 0.3343,14.9035,78,380,93,7,28,0.4356,0.0656
G_mean: 0.8634: 0.3886,9.6884,110,308,29,6,86,0.4951,0.0974
G_mean: 0.8535: 0.9206,19.9232,33,314,28,6,86,0.135,0.0774
G_mean: 0.6973: 0.6679,10.5342,76,211,17,6,44,0.2717,0.0543
G_mean: 0.8430: 0.7181,14.8467,138,394,86,10,79,0.3091,0.0268
G_mean: 0.7584: 0.0031,3.2643,129,143,14,3,13,0.1062,0.0401
G_mean: 0.0000: 0.4287,17.1543,176,337,33,4,22,0.9487,0.0946
G_mean: 0.6963: 0.6274,8.8712,125,267,37,9,33,0.6443,0.087
G_mean: 0.0000: 0.2671,6.9154,238,219,2,9,23,0.3508,0.0272
G_mean: 0.3185: 0.8853,14.1324,181,257,62,10,42,0.3784,0.08
G_mean: 0.9078: 0.2752,17.9737,66,349,89,3,86,0.3194,0.0377
G_mean: 0.8835: 0.9781,7.6538,133,268,46,6,48,0.3005,0.0854
G_mean: 0.8612: 0.0211,3.8766,298,434,35,6,7,0.3539,0.0156
G_mean: 0.2731: 0.8259,11.9565,218,86,92,7,8,0.9451,0.0215
G_mean: 0.8531: 0.7742,18.6852,97,468,27,10,73,0.9589,0.0491
G_mean: 0.1282: 0.4204,5.672,263,237,72,9,51,0.3751,0.0658
G_mean: 0.5181: 0.3415,14.359,197,210,5,6,39,0.8078,0.0361
G_mean: 0.8707: 0.9395,11.8731,255,498,83,10,29,0.7018,0.0425
G_mean: 0.8203: 0.2966,11.2974,122,252,47,7,34,0.6554,0.093
G_mean: 0.8719: 0.734,18.6921,139,240,37,8,63,0.3767,0.0833
G_mean: 0.8752: 0.3092,11.3586,125,406,39,2,45,0.2882,0.0318
G_mean: 0.8475: 0.7095,17.0336,288,240,21,3,53,0.0253,0.0455
G_mean: 0.8752: 0.5102,16.2505,230,470,85,10,82,0.5934,0.01
G_mean: 0.8963: 0.8708,8.1456,165,397,46,10,48,0.0339,0.0406
G_mean: 0.8511: 0.0899,18.0698,178,320,100,1,88,0.4621,0.0071
Step: 1, max G_mean: 0.9166959647084235, hyperparameter: [0.6338563079273515, 7.848357516339469, 263.7992720068297, 468.28313442251016, 75.64653618454814, 8.707199961574442, 59.04146382747422, 0.6340119032553488, 0.031451710124292986]
Round: 3, Step 2
G_mean: 0.8695: 0.6339,7.8484,264,468,55,9,59,0.683,0.0315
G_mean: 0.8845: 0.1446,12.1158,214,465,94,9,42,0.812,0.0182
G_mean: 0.8074: 0.4241,19.982,54,319,27,8,85,0.4687,0.0086
G_mean: 0.8870: 0.5285,2.2159,73,299,63,7,83,0.8017,0.078
G_mean: 0.8051: 0.6809,7.6917,122,229,29,8,50,0.344,0.0759
G_mean: 0.8518: 0.8296,14.9035,167,365,93,8,40,0.6703,0.0839
G_mean: 0.8758: 0.393,1.7213,110,322,29,3,24,0.5258,0.0974
G_mean: 0.8948: 0.6701,19.9232,33,362,43,6,9,0.135,0.0774
G_mean: 0.9078: 0.4287,7.3541,176,337,30,4,38,0.56,0.0864
G_mean: 0.4916: 0.6274,9.3564,108,267,37,2,33,0.6443,0.087
G_mean: 0.8777: 0.7301,17.9737,66,349,89,8,45,0.2205,0.0377
G_mean: 0.8938: 0.9781,7.6538,133,265,93,6,48,0.3005,0.0612
G_mean: 0.8963: 0.0211,17.4246,75,434,35,6,79,0.3539,0.0156
G_mean: 0.9027: 0.6908,13.2905,87,400,92,7,51,0.1861,0.0215
G_mean: 0.6914: 0.4204,6.5767,263,237,55,9,51,0.5121,0.0085
G_mean: 0.0000: 0.9395,11.8731,255,498,83,10,29,0.4429,0.0425
G_mean: 0.8191: 0.734,18.6921,96,240,97,2,56,0.4314,0.0649
G_mean: 0.7903: 0.3092,11.3586,125,268,39,2,45,0.2882,0.0943
G_mean: 0.8765: 0.2709,16.2505,61,470,85,4,11,0.2336,0.01
G_mean: 0.8597: 0.8708,8.1456,165,309,46,10,15,0.0339,0.0406
Step: 2, max G_mean: 0.9166959647084235, hyperparameter: [0.6338563079273515, 7.848357516339469, 263.7992720068297, 468.28313442251016, 75.64653618454814, 8.707199961574442, 59.04146382747422, 0.6340119032553488, 0.031451710124292986]
computational time: 2.1902822172222223 h
