Round: 5, Step 0
G_mean: 0.0000: 0.5422,1.1622,100,1716,55,9,78,0.0545,0.0376
G_mean: 0.6690: 0.2084,8.3671,65,2278,72,1,7,0.3021,0.0435
G_mean: 0.3015: 0.5665,3.0211,255,162,71,2,68,0.4611,0.0333
G_mean: 0.0000: 0.7798,1.4112,222,143,24,8,16,0.4005,0.0576
G_mean: 0.5582: 0.3102,1.5593,56,1018,97,6,45,0.5688,0.0409
G_mean: 0.0000: 0.7661,5.8138,285,2220,11,6,42,0.1494,0.0462
G_mean: 0.7687: 0.2512,4.1525,53,1786,75,4,36,0.3018,0.0639
G_mean: 0.1754: 0.2771,13.432,122,534,27,7,52,0.2711,0.0396
G_mean: 0.0000: 0.9261,12.763,169,1268,90,5,74,0.9132,0.0759
G_mean: 0.0000: 0.4358,2.4369,50,124,92,4,77,0.5188,0.0558
G_mean: 0.2132: 0.3655,1.1166,58,2282,90,8,39,0.9068,0.046
G_mean: 0.0000: 0.9128,3.7938,208,34,40,2,12,0.9442,0.076
G_mean: 0.3679: 0.8462,2.7898,38,332,12,6,85,0.1999,0.0892
G_mean: 0.6478: 0.5909,5.1419,58,605,73,5,80,0.0639,0.0433
G_mean: 0.4972: 0.9401,15.6532,145,1774,75,2,68,0.7534,0.0137
G_mean: 0.7404: 0.8586,10.9208,266,1452,71,2,21,0.8152,0.0254
G_mean: 0.0000: 0.8986,10.2767,224,1413,63,6,68,0.8865,0.0617
G_mean: 0.3832: 0.3313,7.8279,204,175,95,5,40,0.2219,0.0515
G_mean: 0.5162: 0.0231,17.2994,258,377,16,9,42,0.3307,0.0068
G_mean: 0.6664: 0.0606,1.5392,205,1028,49,2,20,0.1461,0.0491
G_mean: 0.4080: 0.4899,8.3753,50,360,24,3,86,0.5447,0.0968
G_mean: 0.0000: 0.457,14.6575,170,74,49,10,16,0.7159,0.013
G_mean: 0.5794: 0.0001,4.7633,147,711,64,8,89,0.7395,0.0925
G_mean: 0.1519: 0.9713,15.2007,274,2037,1,2,87,0.0302,0.0661
G_mean: 0.2748: 0.4649,9.0713,186,1884,5,3,39,0.4484,0.0482
G_mean: 0.9257: 0.5244,16.9293,27,2581,62,7,82,0.5341,0.0933
G_mean: 0.0000: 0.1834,17.6029,193,722,11,6,50,0.7953,0.0488
G_mean: 0.0000: 0.3232,8.3948,296,606,94,9,27,0.1821,0.0145
G_mean: 0.7561: 0.8874,8.0135,147,574,88,7,89,0.849,0.0024
G_mean: 0.0000: 0.1925,16.7175,224,2639,6,2,42,0.2064,0.0357
G_mean: 0.4730: 0.812,17.959,88,351,92,7,81,0.2151,0.0202
G_mean: 0.0000: 0.7906,18.0882,258,1562,35,5,49,0.3414,0.0189
G_mean: 0.0000: 0.9029,2.504,102,1583,23,1,31,0.5887,0.0119
G_mean: 0.0000: 0.8252,11.8103,183,1474,48,3,66,0.6522,0.0193
G_mean: 0.0000: 0.2599,19.9458,280,930,44,3,76,0.5775,0.0676
G_mean: 0.0000: 0.1048,14.5883,134,1714,58,7,88,0.1617,0.0993
G_mean: 0.0000: 0.4834,6.8655,202,1100,71,3,93,0.3663,0.0923
G_mean: 0.0000: 0.8418,8.0397,114,1532,91,2,36,0.0158,0.0138
G_mean: 0.0000: 0.2754,15.4197,275,1081,50,1,11,0.5284,0.0443
G_mean: 0.0000: 0.2375,16.2039,241,2174,57,3,24,0.5832,0.0948
G_mean: 0.8097: 0.5237,1.4835,220,1361,88,2,30,0.2487,0.0413
G_mean: 0.7687: 0.2332,3.699,282,1982,8,1,42,0.6924,0.0221
G_mean: 0.8129: 0.9863,10.2145,23,1383,26,2,70,0.3403,0.0376
G_mean: 0.6258: 0.442,14.9919,44,77,94,8,89,0.2769,0.0501
G_mean: 0.0000: 0.43,17.1561,258,1256,21,7,83,0.8473,0.0969
G_mean: 0.0000: 0.2132,16.0224,178,2118,99,4,63,0.2412,0.005
G_mean: 0.6611: 0.4951,6.6635,190,1119,53,5,84,0.9324,0.0715
G_mean: 0.6742: 0.9311,19.5759,53,1150,47,8,87,0.2664,0.065
G_mean: 0.7657: 0.5422,1.1622,100,1716,5,5,78,0.0545,0.0376
G_mean: 0.0000: 0.0151,8.3671,177,2278,72,1,7,0.3654,0.0588
G_mean: 0.0000: 0.6463,3.0211,104,162,71,9,68,0.4611,0.0333
G_mean: 0.0000: 0.7798,1.6755,277,1251,24,8,44,0.4005,0.0576
G_mean: 0.7044: 0.3102,1.5593,56,1018,97,6,45,0.5688,0.0367
G_mean: 0.0000: 0.6773,5.8138,285,2220,89,6,42,0.8548,0.0462
G_mean: 0.0815: 0.2512,4.1525,53,1470,75,4,36,0.3018,0.091
G_mean: 0.4248: 0.2771,5.6366,122,354,90,7,96,0.2711,0.0264
G_mean: 0.0000: 0.9261,8.2969,169,1268,90,5,76,0.7185,0.0759
G_mean: 0.2132: 0.3842,2.4369,50,124,92,4,77,0.5188,0.0558
G_mean: 0.2132: 0.3655,1.1166,58,2282,90,8,39,0.9068,0.0759
G_mean: 0.0000: 0.9128,3.7938,208,34,40,2,12,0.9442,0.076
G_mean: 0.8257: 0.7227,2.7898,38,2094,12,6,85,0.1999,0.0892
G_mean: 0.0000: 0.9828,3.4651,236,605,73,5,80,0.0639,0.0496
G_mean: 0.8051: 0.9401,15.6532,145,1774,88,2,68,0.7534,0.0126
G_mean: 0.3015: 0.8586,7.7963,266,1039,71,2,21,0.8152,0.0844
G_mean: 0.0000: 0.8986,10.2767,225,1413,39,6,81,0.8865,0.0617
G_mean: 0.0000: 0.0684,7.8279,204,175,95,5,40,0.1583,0.0515
G_mean: 0.0000: 0.4431,17.2994,258,911,92,4,26,0.8051,0.0978
G_mean: 0.0000: 0.0606,1.5392,178,1028,49,2,20,0.254,0.0491
G_mean: 0.0000: 0.457,14.6575,170,74,49,4,54,0.7159,0.013
G_mean: 0.3664: 0.0001,1.5368,147,272,64,8,89,0.872,0.0925
G_mean: 0.0000: 0.4832,3.2424,79,2037,1,2,87,0.0302,0.0661
G_mean: 0.0000: 0.4649,10.2247,186,56,5,9,39,0.4484,0.0482
G_mean: 0.0000: 0.5244,16.9293,273,2581,62,7,82,0.5341,0.0306
G_mean: 0.7766: 0.1834,7.7259,59,722,11,6,55,0.3345,0.0332
G_mean: 0.0000: 0.3232,17.1395,296,606,68,6,27,0.1821,0.0145
G_mean: 0.2921: 0.8874,8.0135,193,574,88,7,89,0.849,0.0024
G_mean: 0.2124: 0.0306,16.7175,224,2639,72,2,37,0.2064,0.0241
G_mean: 0.5305: 0.812,17.959,190,351,92,7,81,0.2151,0.0202
G_mean: 0.0000: 0.7906,16.0815,258,1562,52,5,49,0.3414,0.0189
G_mean: 0.0000: 0.9029,2.504,102,1583,23,1,31,0.5887,0.0119
G_mean: 0.5619: 0.273,11.8103,183,989,48,3,66,0.6018,0.0193
G_mean: 0.4215: 0.2599,19.9458,204,930,44,3,76,0.5775,0.0676
G_mean: 0.0000: 0.1048,14.5883,134,1714,58,6,88,0.1617,0.0166
G_mean: 0.0000: 0.4834,6.8655,226,1100,71,3,93,0.3663,0.0923
G_mean: 0.0000: 0.7196,8.0397,114,1180,91,2,40,0.0158,0.0029
G_mean: 0.0000: 0.2754,4.8539,275,2331,50,7,11,0.5284,0.0576
G_mean: 0.5619: 0.2441,3.671,60,803,81,2,67,0.6494,0.0297
G_mean: 0.0000: 0.2375,16.2039,248,2174,57,3,89,0.359,0.0948
G_mean: 0.0836: 0.5237,1.4835,220,1445,58,6,56,0.2487,0.0189
G_mean: 0.7689: 0.2332,11.9651,282,1982,8,1,42,0.3529,0.0221
G_mean: 0.8257: 0.9863,10.2145,23,1865,8,4,70,0.3403,0.0376
G_mean: 0.0000: 0.6939,18.0124,44,77,86,8,89,0.2769,0.0501
G_mean: 0.0000: 0.43,17.1561,258,1256,21,8,83,0.8473,0.0969
G_mean: 0.0000: 0.2132,5.5634,178,586,99,4,63,0.2412,0.0024
G_mean: 0.6030: 0.4951,7.5155,190,1119,29,5,89,0.6048,0.0259
G_mean: 0.6322: 0.2596,19.5759,175,1150,23,2,87,0.2664,0.065
Step: 0, max G_mean: 0.9257391679047652, hyperparameter: [0.5243804182778048, 16.92930159444011, 26.812310095526534, 2580.7056802278016, 61.92342340142648, 7.2024431140796334, 81.96773709273141, 0.5340742455148273, 0.09329542233536567]
Round: 5, Step 1
G_mean: 0.0000: 0.2946,1.1622,105,1716,96,5,91,0.2162,0.0376
G_mean: 0.8161: 0.2084,8.3671,65,2278,63,4,7,0.41,0.0435
G_mean: 0.0000: 0.5665,3.0211,255,162,50,7,82,0.4611,0.0463
G_mean: 0.0000: 0.3102,12.548,56,1901,97,8,45,0.5688,0.0367
G_mean: 0.8688: 0.2512,12.4085,53,1786,36,4,36,0.3018,0.0131
G_mean: 0.0000: 0.2771,16.362,122,354,35,7,56,0.2711,0.0738
G_mean: 0.3679: 0.3655,1.1166,58,316,90,2,39,0.4312,0.0918
G_mean: 0.9257: 0.6322,2.7898,38,2094,12,8,85,0.1381,0.0772
G_mean: 0.5141: 0.6755,6.9285,25,605,73,5,60,0.4393,0.0433
G_mean: 0.2132: 0.9507,15.6532,145,2078,88,2,68,0.4928,0.0126
G_mean: 0.2116: 0.8586,10.9208,266,1452,60,2,62,0.4123,0.0254
G_mean: 0.0000: 0.3313,7.8279,204,1531,95,8,40,0.7618,0.0515
G_mean: 0.5496: 0.3567,17.2994,258,377,70,9,42,0.2534,0.0068
G_mean: 0.0000: 0.5094,1.5392,205,1028,49,6,20,0.1461,0.0638
G_mean: 0.0000: 0.4899,8.3753,50,360,24,3,86,0.5447,0.0896
G_mean: 0.0000: 0.0001,15.6542,290,711,64,8,42,0.7395,0.0925
G_mean: 0.6974: 0.4649,9.0713,186,862,5,6,60,0.4484,0.0482
G_mean: 0.0000: 0.5244,16.9293,27,2581,62,7,82,0.3103,0.0933
G_mean: 0.7096: 0.1834,7.7259,59,831,11,6,44,0.3345,0.0332
G_mean: 0.3003: 0.8874,8.0135,147,574,34,7,89,0.849,0.0024
G_mean: 0.0000: 0.0177,17.959,190,433,45,7,53,0.2151,0.0202
G_mean: 0.7150: 0.3861,11.8103,134,989,85,3,66,0.2178,0.0177
G_mean: 0.1240: 0.6151,19.9458,93,837,44,3,76,0.5775,0.0434
G_mean: 0.0000: 0.2441,13.8606,86,208,81,9,67,0.6494,0.0297
G_mean: 0.7657: 0.5237,1.4835,220,1361,88,2,30,0.2487,0.0413
G_mean: 0.0000: 0.4922,11.9651,282,1982,89,7,42,0.3529,0.0221
G_mean: 0.0000: 0.9863,14.3347,266,1648,98,4,70,0.7305,0.0376
G_mean: 0.3003: 0.442,10.5321,111,77,93,8,89,0.3246,0.0406
G_mean: 0.5121: 0.4951,17.3928,184,1344,70,8,60,0.9324,0.0715
G_mean: 0.0000: 0.1605,19.5759,292,1279,47,8,87,0.2664,0.065
Step: 1, max G_mean: 0.9257391679047652, hyperparameter: [0.5243804182778048, 16.92930159444011, 26.812310095526534, 2580.7056802278016, 61.92342340142648, 7.2024431140796334, 81.96773709273141, 0.5340742455148273, 0.09329542233536567]
Round: 5, Step 2
G_mean: 0.7946: 0.5422,1.1622,65,1716,30,9,79,0.0545,0.0376
G_mean: 0.0000: 0.2084,8.3671,61,2278,62,4,7,0.41,0.0435
G_mean: 0.0000: 0.3102,16.5581,47,1564,97,5,45,0.3915,0.0367
G_mean: 0.8940: 0.2512,12.4085,53,1786,36,7,54,0.3746,0.0131
G_mean: 0.8129: 0.6322,2.7898,38,2094,6,8,70,0.1381,0.0772
G_mean: 0.6347: 0.5909,5.1419,41,605,66,5,80,0.087,0.044
G_mean: 0.8161: 0.9401,15.6532,20,1774,88,6,68,0.2181,0.0126
G_mean: 0.0000: 0.6633,10.9208,61,1452,71,10,21,0.5208,0.0254
G_mean: 0.0000: 0.1352,1.5392,205,1028,49,8,20,0.1461,0.0491
G_mean: 0.7066: 0.4649,9.0713,236,862,5,6,60,0.4484,0.0571
G_mean: 0.8352: 0.3986,16.9293,27,1105,62,7,82,0.5341,0.0933
G_mean: 0.6870: 0.1834,7.7259,59,722,11,6,55,0.3345,0.0332
G_mean: 0.6664: 0.8874,8.0135,147,574,59,7,62,0.849,0.014
G_mean: 0.0000: 0.3861,11.8103,134,1431,85,4,66,0.2178,0.0177
G_mean: 0.4890: 0.5237,1.4835,220,1688,2,8,72,0.829,0.0998
G_mean: 0.5794: 0.4143,6.9201,282,1982,87,1,42,0.3529,0.0221
G_mean: 0.8495: 0.9863,10.2145,23,1865,8,4,70,0.3403,0.0614
G_mean: 0.3015: 0.442,5.3192,44,77,53,8,87,0.2769,0.0429
G_mean: 0.0000: 0.4951,6.6635,190,1119,53,8,84,0.9324,0.0715
G_mean: 0.0000: 0.07,19.5759,176,1587,47,8,87,0.6752,0.065
Step: 2, max G_mean: 0.9257391679047652, hyperparameter: [0.5243804182778048, 16.92930159444011, 26.812310095526534, 2580.7056802278016, 61.92342340142648, 7.2024431140796334, 81.96773709273141, 0.5340742455148273, 0.09329542233536567]
computational time: 2.022803846111111 h
