Round: 7, Step 0
G_mean: 0.8564: 0.9188,7.8533,114,284,80,6,34,0.058,0.0036
G_mean: 0.3149: 0.836,9.6222,88,98,85,5,61,0.8545,0.0913
G_mean: 0.4930: 0.4891,15.3808,209,22,20,9,51,0.5367,0.0455
G_mean: 0.7767: 0.7058,18.2557,222,191,67,5,93,0.0491,0.0499
G_mean: 0.8492: 0.9921,12.3525,21,403,83,8,56,0.6672,0.0669
G_mean: 0.7595: 0.3488,5.7575,56,122,85,10,55,0.2029,0.0039
G_mean: 0.0000: 0.201,16.3763,131,315,66,6,19,0.9091,0.0657
G_mean: 0.7870: 0.8895,15.4712,19,283,10,5,32,0.7891,0.003
G_mean: 0.0000: 0.0554,16.4497,160,256,11,10,32,0.9371,0.0474
G_mean: 0.0000: 0.8386,4.7124,94,36,11,8,67,0.6333,0.0136
G_mean: 0.8491: 0.5677,10.4719,144,276,24,9,98,0.4345,0.0677
G_mean: 0.8938: 0.5789,11.4707,141,315,82,9,79,0.6032,0.0929
G_mean: 0.8262: 0.9636,13.32,175,222,75,8,11,0.426,0.0046
G_mean: 0.8576: 0.1048,16.6227,165,349,7,4,86,0.2104,0.0141
G_mean: 0.9027: 0.9396,3.6954,251,444,21,7,83,0.6143,0.0865
G_mean: 0.8407: 0.6542,8.5427,61,486,50,9,14,0.6738,0.0048
G_mean: 0.8899: 0.0281,19.9199,85,430,29,5,98,0.33,0.0211
G_mean: 0.3921: 0.0794,9.3866,136,48,72,3,29,0.3649,0.0688
G_mean: 0.4361: 0.3016,13.8428,285,63,2,9,83,0.4634,0.0284
G_mean: 0.5923: 0.6639,17.2688,64,56,73,7,49,0.0235,0.0281
G_mean: 0.8564: 0.4338,17.6212,149,298,40,2,84,0.1805,0.0079
G_mean: 0.7971: 0.4495,1.5276,78,117,71,9,85,0.2743,0.0095
G_mean: 0.4349: 0.2685,12.5054,216,65,57,7,64,0.9077,0.018
G_mean: 0.5900: 0.9654,6.2054,195,305,68,3,23,0.9165,0.0484
G_mean: 0.7354: 0.8378,9.7055,244,216,18,7,92,0.7724,0.0142
G_mean: 0.8707: 0.6095,5.4966,75,483,29,5,53,0.2614,0.0816
G_mean: 0.0000: 0.6177,10.2138,23,214,34,9,10,0.8409,0.0721
G_mean: 0.8504: 0.8697,8.6764,160,456,87,1,59,0.8539,0.0575
G_mean: 0.8617: 0.3321,16.7443,150,225,47,6,18,0.3094,0.0757
G_mean: 0.7604: 0.5651,9.6942,252,80,32,8,22,0.3865,0.0468
G_mean: 0.7699: 0.5099,9.3909,245,170,65,6,22,0.1392,0.0619
G_mean: 0.8180: 0.7918,13.3412,54,195,80,2,75,0.4447,0.0905
G_mean: 0.8889: 0.173,18.1562,213,231,20,1,100,0.1146,0.0728
G_mean: 0.7735: 0.1763,6.5407,24,156,94,8,98,0.2541,0.0614
G_mean: 0.6994: 0.0567,10.1967,96,79,73,8,76,0.1153,0.0026
G_mean: 0.7168: 0.5882,13.439,22,445,66,9,37,0.8299,0.0837
G_mean: 0.7714: 0.4857,11.3433,221,421,27,9,32,0.8343,0.0728
G_mean: 0.8777: 0.3419,19.9206,205,387,8,2,90,0.6793,0.0249
G_mean: 0.7798: 0.1018,14.0003,206,480,28,7,52,0.517,0.033
G_mean: 0.3724: 0.7787,16.9252,181,227,19,3,79,0.679,0.0883
G_mean: 0.6464: 0.6324,6.768,230,194,37,6,29,0.7729,0.0365
G_mean: 0.2578: 0.0524,9.024,127,431,79,8,3,0.938,0.0689
G_mean: 0.8419: 0.9809,14.638,146,426,42,8,59,0.8142,0.0796
G_mean: 0.8480: 0.4522,5.9182,112,397,60,4,4,0.646,0.0405
G_mean: 0.9141: 0.7721,6.958,160,408,91,4,35,0.5209,0.0614
G_mean: 0.8332: 0.4468,2.3438,34,408,38,9,55,0.7236,0.0632
G_mean: 0.0000: 0.1521,16.2483,153,400,27,4,2,0.6471,0.039
G_mean: 0.8444: 0.7196,10.3738,211,236,22,9,74,0.2505,0.0907
G_mean: 0.6005: 0.8344,1.1052,228,191,87,7,27,0.9228,0.0365
G_mean: 0.3435: 0.2755,17.6043,124,141,70,5,22,0.992,0.0677
G_mean: 0.8821: 0.9188,7.8533,114,284,80,7,34,0.058,0.0036
G_mean: 0.7465: 0.836,9.6222,88,278,62,5,61,0.8545,0.0913
G_mean: 0.0000: 0.4891,1.7988,209,22,20,9,51,0.5848,0.0455
G_mean: 0.7621: 0.7058,18.2557,242,191,67,5,93,0.0491,0.0499
G_mean: 0.8949: 0.9921,12.3525,21,403,83,5,56,0.0618,0.0669
G_mean: 0.8659: 0.3488,5.7575,139,300,85,10,55,0.7016,0.0039
G_mean: 0.0000: 0.201,16.3763,131,315,17,6,19,0.9091,0.0113
G_mean: 0.8063: 0.8895,15.4712,19,283,10,5,32,0.7245,0.0595
G_mean: 0.0000: 0.0554,11.7156,160,436,11,10,32,0.9371,0.0651
G_mean: 0.0000: 0.8386,4.7124,94,36,11,8,67,0.6333,0.0136
G_mean: 0.8442: 0.7863,10.4719,190,276,27,9,98,0.4345,0.0801
G_mean: 0.8576: 0.5789,5.603,141,315,82,9,79,0.6032,0.0929
G_mean: 0.4529: 0.6336,13.32,175,60,53,8,11,0.426,0.0846
G_mean: 0.8381: 0.1048,14.1569,165,191,7,4,86,0.2676,0.0141
G_mean: 0.0000: 0.9396,3.6954,251,370,21,7,83,0.6143,0.0865
G_mean: 0.8456: 0.5308,8.5427,61,486,85,4,70,0.6738,0.0048
G_mean: 0.9104: 0.5515,19.9199,124,313,29,5,98,0.33,0.0211
G_mean: 0.7735: 0.6409,9.3866,136,109,72,9,19,0.3649,0.0688
G_mean: 0.0000: 0.6523,5.2117,285,63,91,9,21,0.4634,0.0284
G_mean: 0.5867: 0.4583,17.2688,245,483,73,7,49,0.0235,0.0281
G_mean: 0.8807: 0.4338,17.6212,149,298,40,2,84,0.1805,0.0079
G_mean: 0.8597: 0.9124,1.5276,235,278,25,9,85,0.0672,0.0452
G_mean: 0.4107: 0.2685,12.5054,216,65,10,7,64,0.9077,0.059
G_mean: 0.6784: 0.9654,6.2054,255,305,68,8,23,0.9165,0.0143
G_mean: 0.8396: 0.8378,9.7055,244,216,17,9,92,0.7724,0.0124
G_mean: 0.8646: 0.6095,6.6942,75,483,17,5,17,0.726,0.0816
G_mean: 0.3158: 0.6177,18.9989,23,214,69,5,22,0.8805,0.0721
G_mean: 0.8832: 0.8697,8.6764,262,456,87,1,59,0.8539,0.0575
G_mean: 0.8823: 0.3321,16.3762,232,225,47,2,18,0.3094,0.0299
G_mean: 0.6039: 0.5651,9.6942,252,176,37,2,22,0.3865,0.0468
G_mean: 0.7709: 0.7446,15.8977,260,170,30,1,92,0.0474,0.0619
G_mean: 0.7562: 0.7918,14.8192,213,195,80,2,75,0.4447,0.0905
G_mean: 0.1818: 0.5585,18.1562,213,231,20,5,100,0.8926,0.0728
G_mean: 0.0000: 0.4401,6.5407,95,156,94,3,9,0.8382,0.0614
G_mean: 0.2233: 0.0567,10.1967,209,79,73,8,76,0.1153,0.0359
G_mean: 0.6446: 0.6434,13.439,22,445,66,9,37,0.8299,0.0837
G_mean: 0.6740: 0.1601,11.3433,222,421,27,9,32,0.8343,0.0102
G_mean: 0.9058: 0.3419,19.9206,205,387,36,2,90,0.1939,0.0249
G_mean: 0.8086: 0.1018,11.0136,206,480,4,9,80,0.517,0.033
G_mean: 0.7574: 0.7787,16.9252,115,227,26,3,79,0.679,0.0883
G_mean: 0.8128: 0.6324,11.5597,230,194,37,6,29,0.7729,0.0365
G_mean: 0.8504: 0.0524,4.5248,127,431,79,8,95,0.938,0.0689
G_mean: 0.8131: 0.8062,14.638,146,426,89,8,23,0.8142,0.0495
G_mean: 0.8564: 0.4522,5.9182,112,397,60,8,4,0.646,0.0405
G_mean: 0.8857: 0.7721,6.958,160,429,57,4,35,0.5908,0.0614
G_mean: 0.8528: 0.4468,2.3438,34,408,38,9,55,0.7236,0.0632
G_mean: 0.0000: 0.1521,2.2348,153,234,27,4,2,0.6471,0.0672
G_mean: 0.8454: 0.7196,10.3738,220,236,22,9,74,0.2505,0.0907
G_mean: 0.0000: 0.8344,1.1052,228,38,87,5,27,0.2949,0.0365
G_mean: 0.0000: 0.2212,17.6043,124,141,70,3,22,0.992,0.0677
Step: 0, max G_mean: 0.9141309310574837, hyperparameter: [0.7720926928682256, 6.957991328975668, 160.39807711534405, 407.999817128946, 91.42304692835403, 3.911213325142276, 34.626414265079326, 0.5208642329234038, 0.061445507745216774]
Round: 7, Step 1
G_mean: 0.8074: 0.9188,7.8533,275,284,66,7,83,0.058,0.0036
G_mean: 0.7959: 0.7058,12.0692,152,191,67,5,93,0.7181,0.0499
G_mean: 0.8976: 0.9921,12.3525,21,331,83,5,56,0.0618,0.0669
G_mean: 0.8480: 0.9825,5.7575,157,354,18,10,55,0.6332,0.0655
G_mean: 0.6410: 0.8895,15.4712,104,283,10,7,32,0.7245,0.0595
G_mean: 0.7722: 0.5677,10.4719,144,218,24,9,38,0.4345,0.0677
G_mean: 0.8250: 0.1954,11.4707,141,315,82,9,47,0.6032,0.0929
G_mean: 0.8324: 0.9636,13.32,175,222,15,8,11,0.426,0.0426
G_mean: 0.3222: 0.1048,7.2108,165,184,7,9,26,0.2104,0.0141
G_mean: 0.8419: 0.9396,4.6085,251,356,21,7,83,0.6143,0.055
G_mean: 0.9053: 0.7949,1.11,61,486,85,4,70,0.6738,0.0783
G_mean: 0.9062: 0.9748,16.0168,124,313,29,5,98,0.3962,0.0211
G_mean: 0.6380: 0.6484,17.6212,178,298,40,2,64,0.3095,0.0079
G_mean: 0.7128: 0.9388,1.5276,104,274,25,4,85,0.1707,0.0452
G_mean: 0.8386: 0.8378,12.7381,244,216,17,9,92,0.7541,0.0124
G_mean: 0.9109: 0.6095,5.4966,75,483,35,8,53,0.2614,0.0816
G_mean: 0.9104: 0.8697,4.7236,262,332,87,1,82,0.8539,0.0575
G_mean: 0.7344: 0.3321,16.3762,193,225,47,2,18,0.3202,0.0833
G_mean: 0.6875: 0.6761,13.3412,97,195,58,9,75,0.8955,0.0905
G_mean: 0.7755: 0.7342,18.1562,24,312,20,1,100,0.6823,0.0728
G_mean: 0.8336: 0.1763,6.5407,24,156,79,8,98,0.7156,0.0033
G_mean: 0.8911: 0.3419,19.9206,205,387,36,2,90,0.1128,0.0249
G_mean: 0.8612: 0.9951,11.0136,117,480,4,10,80,0.4884,0.033
G_mean: 0.8372: 0.6324,11.5597,230,194,23,6,29,0.7729,0.0365
G_mean: 0.1291: 0.9183,4.4173,127,396,43,8,75,0.938,0.0658
G_mean: 0.8634: 0.9809,14.638,30,426,42,5,59,0.8142,0.0796
G_mean: 0.4280: 0.4522,5.9182,159,397,48,8,4,0.646,0.0617
G_mean: 0.9117: 0.7721,3.6278,160,408,91,4,35,0.5209,0.0614
G_mean: 0.8542: 0.6605,12.0153,115,408,38,9,55,0.7236,0.0335
G_mean: 0.2641: 0.7196,8.3017,220,184,31,9,48,0.2505,0.0907
Step: 1, max G_mean: 0.9141309310574837, hyperparameter: [0.7720926928682256, 6.957991328975668, 160.39807711534405, 407.999817128946, 91.42304692835403, 3.911213325142276, 34.626414265079326, 0.5208642329234038, 0.061445507745216774]
Round: 7, Step 2
G_mean: 0.8728: 0.4147,7.8533,139,284,80,7,34,0.7186,0.0036
G_mean: 0.8659: 0.9921,12.3525,21,331,83,5,56,0.4449,0.0366
G_mean: 0.8588: 0.3488,5.7575,139,300,85,10,93,0.2796,0.0554
G_mean: 0.8924: 0.5789,12.4405,98,315,82,9,79,0.3518,0.0929
G_mean: 0.8517: 0.1048,16.6227,165,337,7,4,86,0.2104,0.0292
G_mean: 0.8974: 0.9396,3.6954,58,444,49,8,83,0.6711,0.0234
G_mean: 0.8911: 0.7949,14.1715,61,486,85,8,70,0.7632,0.0783
G_mean: 0.8873: 0.5515,19.9199,124,465,29,10,98,0.33,0.0514
G_mean: 0.8715: 0.4338,17.6212,149,298,40,2,92,0.1805,0.0079
G_mean: 0.8348: 0.9124,1.5276,235,278,22,9,85,0.3043,0.0534
G_mean: 0.8612: 0.6095,5.4966,75,383,35,8,57,0.2614,0.0816
G_mean: 0.8962: 0.8697,4.7236,262,444,87,1,82,0.8539,0.0908
G_mean: 0.7905: 0.3321,16.3762,232,225,47,2,92,0.2518,0.0528
G_mean: 0.0000: 0.173,18.1562,213,231,84,1,100,0.1146,0.0728
G_mean: 0.8924: 0.6966,19.9206,124,387,36,2,90,0.1939,0.0249
G_mean: 0.8468: 0.9254,11.0136,74,480,47,10,80,0.4884,0.0693
G_mean: 0.7283: 0.5557,14.638,30,426,42,6,59,0.8142,0.0796
G_mean: 0.8924: 0.4522,16.6517,112,397,60,8,4,0.6293,0.0405
G_mean: 0.9315: 0.6336,5.3425,92,408,91,8,9,0.5209,0.0614
G_mean: 0.8779: 0.4436,12.0153,115,220,38,9,55,0.7236,0.0335
Step: 2, max G_mean: 0.9314931873132781, hyperparameter: [0.6336231963706173, 5.3425054905454825, 92.39324395777459, 407.999817128946, 91.42304692835403, 8.215814174822242, 9.38280809251959, 0.5208642329234038, 0.061445507745216774]
Round: 7, Step 3
G_mean: 0.9104: 0.6817,12.3525,21,331,18,8,70,0.0618,0.0669
G_mean: 0.9128: 0.5789,11.4816,141,315,38,9,79,0.1565,0.0575
G_mean: 0.9130: 0.4881,3.6954,251,444,21,7,83,0.6143,0.0514
G_mean: 0.8612: 0.6357,1.11,61,486,85,7,70,0.6738,0.0783
G_mean: 0.8703: 0.5515,19.9199,138,313,91,7,98,0.33,0.0211
G_mean: 0.7692: 0.6095,5.4966,146,483,35,6,53,0.2614,0.0816
G_mean: 0.7836: 0.5946,4.7236,145,332,65,1,82,0.8539,0.0575
G_mean: 0.9122: 0.5794,19.9206,205,387,36,2,90,0.1939,0.0249
G_mean: 0.0000: 0.6576,6.3981,112,397,60,8,4,0.6293,0.0849
G_mean: 0.8845: 0.4456,12.1896,92,421,49,8,9,0.5209,0.051
Step: 3, max G_mean: 0.9314931873132781, hyperparameter: [0.6336231963706173, 5.3425054905454825, 92.39324395777459, 407.999817128946, 91.42304692835403, 8.215814174822242, 9.38280809251959, 0.5208642329234038, 0.061445507745216774]
Round: 7, Step 4
G_mean: 0.8777: 0.5789,6.8151,88,315,93,9,79,0.1565,0.059
G_mean: 0.3334: 0.4881,3.6954,251,409,94,9,83,0.6143,0.0514
G_mean: 0.8728: 0.6398,5.4966,75,402,35,8,13,0.4704,0.0577
G_mean: 0.8950: 0.5794,19.9206,205,387,36,2,90,0.4768,0.0581
G_mean: 0.8588: 0.6336,5.3425,92,408,94,8,9,0.5209,0.0614
Step: 4, max G_mean: 0.9314931873132781, hyperparameter: [0.6336231963706173, 5.3425054905454825, 92.39324395777459, 407.999817128946, 91.42304692835403, 8.215814174822242, 9.38280809251959, 0.5208642329234038, 0.061445507745216774]
computational time: 2.464435853888889 h
