Round: 9, Step 0
G_mean: 0.9188: 0.2944,1.6004,87,95,69,8,10,0.6672,0.0117
G_mean: 0.8762: 0.2356,4.8528,276,47,47,1,59,0.2206,0.0168
G_mean: 0.8322: 0.4508,10.3678,293,43,47,5,69,0.8933,0.0339
G_mean: 0.0000: 0.1707,18.1026,170,23,6,9,13,0.952,0.0252
G_mean: 0.8753: 0.9926,8.0543,134,52,69,6,94,0.0423,0.0499
G_mean: 0.7534: 0.1635,8.0534,190,38,79,9,15,0.3902,0.0958
G_mean: 0.7862: 0.4954,4.577,71,26,5,6,28,0.2918,0.0694
G_mean: 0.7524: 0.3263,13.4396,279,25,88,7,41,0.5456,0.0407
G_mean: 0.8822: 0.8089,4.8682,94,75,36,2,45,0.6063,0.0524
G_mean: 0.8260: 0.2968,2.9586,51,28,92,2,80,0.4982,0.0854
G_mean: 0.1619: 0.2759,19.8493,192,6,16,4,88,0.6732,0.062
G_mean: 0.7212: 0.0737,15.9058,50,91,8,2,43,0.9471,0.0188
G_mean: 0.8605: 0.208,2.8944,210,45,39,2,38,0.7967,0.0796
G_mean: 0.5824: 0.8836,12.3935,255,67,34,7,71,0.7488,0.0053
G_mean: 0.8378: 0.4328,18.2654,27,57,53,8,86,0.3424,0.0756
G_mean: 0.8729: 0.8676,14.9169,150,75,67,7,52,0.6303,0.0236
G_mean: 0.5456: 0.0243,9.8004,220,28,92,4,21,0.6491,0.0561
G_mean: 0.7637: 0.0991,8.5557,265,36,66,9,80,0.0223,0.0246
G_mean: 0.2606: 0.6695,14.1859,247,6,49,5,38,0.0601,0.0235
G_mean: 0.7860: 0.4145,11.5054,76,91,16,1,79,0.7319,0.0469
G_mean: 0.7975: 0.5835,9.8237,61,64,27,7,86,0.933,0.0446
G_mean: 0.0869: 0.0901,16.776,104,6,74,9,83,0.1109,0.0093
G_mean: 0.6226: 0.9279,13.9394,271,91,27,8,87,0.9528,0.0627
G_mean: 0.6165: 0.05,16.7305,216,78,8,2,97,0.5021,0.0768
G_mean: 0.8482: 0.562,16.134,17,65,58,4,33,0.746,0.0718
G_mean: 0.8722: 0.2813,6.1645,213,46,42,4,51,0.46,0.0933
G_mean: 0.3418: 0.6687,1.4537,172,84,66,6,8,0.9356,0.0411
G_mean: 0.8663: 0.0878,9.8786,148,55,68,8,37,0.43,0.0041
G_mean: 0.8083: 0.9922,18.168,87,42,98,5,46,0.8884,0.041
G_mean: 0.8828: 0.3335,2.8341,235,93,7,2,20,0.4306,0.0529
G_mean: 0.2504: 0.8142,14.4193,285,57,19,9,59,0.1554,0.0034
G_mean: 0.9148: 0.776,11.0466,69,92,65,10,7,0.5874,0.0937
G_mean: 0.8906: 0.4149,8.7464,26,52,19,6,77,0.2006,0.0164
G_mean: 0.9127: 0.4064,4.5004,221,80,89,9,42,0.3042,0.0506
G_mean: 0.8822: 0.2391,2.2782,77,78,95,8,18,0.458,0.0959
G_mean: 0.8663: 0.7366,10.6694,56,78,83,3,76,0.5636,0.0781
G_mean: 0.7306: 0.5994,19.3871,60,83,58,6,72,0.2426,0.0045
G_mean: 0.8675: 0.5467,17.6039,275,75,74,4,15,0.1915,0.0973
G_mean: 0.8087: 0.8447,19.0804,132,77,64,5,99,0.2865,0.0202
G_mean: 0.8633: 0.9935,11.0837,56,89,16,6,89,0.5584,0.0196
G_mean: 0.8060: 0.5138,17.4276,195,92,34,2,53,0.852,0.0469
G_mean: 0.8367: 0.1319,11.4274,152,43,65,10,71,0.6815,0.0155
G_mean: 0.8489: 0.5265,17.9382,11,49,54,1,98,0.3955,0.0169
G_mean: 0.7499: 0.9055,17.6638,37,38,55,5,48,0.8263,0.0984
G_mean: 0.7810: 0.1223,10.1719,233,69,58,8,54,0.7337,0.0326
G_mean: 0.4253: 0.3942,13.9651,29,8,38,7,56,0.7323,0.028
G_mean: 0.8261: 0.8554,9.4927,267,94,72,4,83,0.4847,0.0362
G_mean: 0.8383: 0.8435,2.4236,207,41,84,3,33,0.878,0.0956
G_mean: 0.8631: 0.8051,6.243,81,41,84,7,28,0.8097,0.0027
G_mean: 0.8754: 0.2778,14.9753,184,54,54,9,32,0.0696,0.012
G_mean: 0.8178: 0.2944,1.6004,87,26,77,5,10,0.6672,0.0117
G_mean: 0.9179: 0.2356,4.8528,276,47,47,1,59,0.2206,0.0168
G_mean: 0.8205: 0.4508,7.1381,293,43,13,5,39,0.8933,0.0543
G_mean: 0.0000: 0.1707,18.1026,170,23,6,9,27,0.952,0.0252
G_mean: 0.8745: 0.9926,4.3885,134,52,69,7,94,0.0423,0.0499
G_mean: 0.8461: 0.1635,8.0534,112,38,79,9,73,0.3902,0.0958
G_mean: 0.8255: 0.4954,4.577,71,26,63,6,89,0.2918,0.0694
G_mean: 0.8939: 0.9787,13.4396,279,82,88,7,7,0.5456,0.0407
G_mean: 0.8401: 0.8089,4.8682,94,75,48,2,45,0.6063,0.0524
G_mean: 0.8322: 0.2968,2.9586,51,28,92,6,80,0.4982,0.0854
G_mean: 0.0000: 0.2759,19.8493,192,6,16,4,75,0.6732,0.062
G_mean: 0.2813: 0.0737,15.9058,50,91,8,2,43,0.9471,0.0915
G_mean: 0.8736: 0.208,2.8944,150,45,39,2,38,0.7967,0.0796
G_mean: 0.3362: 0.7092,7.0647,255,67,34,7,71,0.7488,0.0053
G_mean: 0.8709: 0.3982,9.0796,27,57,53,3,53,0.3424,0.0403
G_mean: 0.8012: 0.8676,14.9169,89,75,67,7,52,0.6303,0.0236
G_mean: 0.7479: 0.025,9.8004,110,23,92,7,21,0.6491,0.0561
G_mean: 0.8143: 0.0991,8.5557,265,36,66,9,80,0.0223,0.0246
G_mean: 0.4158: 0.8759,14.1859,181,6,64,5,29,0.483,0.0235
G_mean: 0.8311: 0.4145,11.5054,76,91,16,8,79,0.7319,0.0469
G_mean: 0.8249: 0.5835,9.8237,61,64,27,7,42,0.4996,0.0446
G_mean: 0.2457: 0.0901,16.776,104,6,92,9,83,0.1109,0.0469
G_mean: 0.2295: 0.9279,6.4127,249,91,27,8,87,0.9528,0.0548
G_mean: 0.8350: 0.6135,19.6245,216,78,8,6,85,0.5021,0.0768
G_mean: 0.8510: 0.6051,12.3281,66,65,72,3,33,0.746,0.0718
G_mean: 0.7662: 0.2099,9.0936,133,46,42,4,51,0.9409,0.0933
G_mean: 0.8173: 0.6687,1.4537,172,84,66,6,8,0.9356,0.0411
G_mean: 0.7967: 0.0878,17.5959,148,35,68,8,37,0.8785,0.078
G_mean: 0.7854: 0.9922,16.3682,36,42,98,5,31,0.8884,0.041
G_mean: 0.8803: 0.3335,2.8341,235,93,7,2,37,0.4306,0.0529
G_mean: 0.5956: 0.8142,14.4193,285,70,19,9,59,0.5467,0.0034
G_mean: 0.3416: 0.776,11.0466,240,92,65,8,1,0.5874,0.0937
G_mean: 0.8456: 0.4149,8.7464,103,52,19,6,77,0.2006,0.0164
G_mean: 0.8932: 0.4064,4.5004,221,80,89,7,42,0.3042,0.082
G_mean: 0.9076: 0.2391,10.8996,77,78,95,1,18,0.458,0.0959
G_mean: 0.8685: 0.1646,10.6694,56,78,83,3,71,0.3667,0.0781
G_mean: 0.8580: 0.5994,9.6451,60,50,58,6,72,0.2426,0.0045
G_mean: 0.8976: 0.5467,7.2122,275,75,9,4,15,0.6444,0.0973
G_mean: 0.9029: 0.8447,5.0086,145,77,64,5,5,0.2865,0.0202
G_mean: 0.8769: 0.2947,10.2704,262,89,63,6,89,0.5584,0.0196
G_mean: 0.8653: 0.5138,17.4276,169,54,34,2,16,0.852,0.0342
G_mean: 0.8733: 0.1319,11.4274,152,43,65,2,71,0.634,0.0155
G_mean: 0.7783: 0.5265,13.2851,178,49,54,6,98,0.3955,0.0169
G_mean: 0.8267: 0.9055,11.9821,111,38,24,5,48,0.8263,0.0984
G_mean: 0.8519: 0.0278,16.6838,172,69,58,8,54,0.1357,0.0326
G_mean: 0.3071: 0.3942,13.9651,29,8,38,7,56,0.7696,0.064
G_mean: 0.9001: 0.0722,9.4927,80,94,72,4,83,0.4847,0.0362
G_mean: 0.7715: 0.8435,13.5374,34,31,84,6,33,0.878,0.0956
G_mean: 0.8743: 0.8051,1.3916,55,41,84,4,82,0.8097,0.0027
G_mean: 0.7980: 0.5326,17.7962,184,54,54,5,99,0.0696,0.0427
Step: 0, max G_mean: 0.918806596119386, hyperparameter: [0.29438826885938296, 1.6004209089605652, 87.45174814004109, 94.70826205882197, 68.7064804030245, 7.976815937358872, 9.916267579831331, 0.6671922885461851, 0.011706304638368685]
Round: 9, Step 1
G_mean: 0.8828: 0.2944,1.6004,241,95,7,3,10,0.6383,0.0742
G_mean: 0.8811: 0.5621,4.8528,276,62,71,4,59,0.2206,0.0958
G_mean: 0.7509: 0.9926,9.2563,134,24,69,6,94,0.0423,0.0499
G_mean: 0.8295: 0.5696,12.5682,112,38,79,9,73,0.3902,0.0958
G_mean: 0.9197: 0.9787,6.102,279,82,88,3,7,0.5456,0.0407
G_mean: 0.9172: 0.2252,4.8682,94,75,36,2,45,0.6898,0.0524
G_mean: 0.8508: 0.208,2.8944,169,76,39,2,42,0.7967,0.0796
G_mean: 0.8590: 0.1608,9.0796,27,57,76,8,53,0.3424,0.0403
G_mean: 0.7378: 0.8676,14.9169,290,66,59,7,52,0.5995,0.0236
G_mean: 0.8844: 0.6051,12.3281,70,65,72,4,33,0.3101,0.0718
G_mean: 0.7994: 0.2813,11.9746,213,46,42,4,51,0.46,0.049
G_mean: 0.0868: 0.0878,9.8786,148,55,61,3,15,0.6054,0.0041
G_mean: 0.8887: 0.3335,2.8341,235,93,7,5,65,0.4215,0.0529
G_mean: 0.8582: 0.776,10.5712,98,92,65,2,90,0.5874,0.0154
G_mean: 0.8861: 0.4149,9.7296,26,53,19,8,77,0.2006,0.0126
G_mean: 0.8745: 0.4064,4.5004,221,84,60,7,32,0.3042,0.0506
G_mean: 0.8140: 0.2391,4.5064,150,42,95,8,18,0.458,0.0175
G_mean: 0.8802: 0.1646,10.6694,223,78,83,6,71,0.3667,0.0951
G_mean: 0.8594: 0.5994,9.6451,60,65,58,3,72,0.2426,0.0045
G_mean: 0.8438: 0.0375,7.2122,275,75,9,4,15,0.5504,0.04
G_mean: 0.8617: 0.8447,5.0086,145,85,64,5,5,0.2865,0.0252
G_mean: 0.8867: 0.2947,10.2704,205,51,63,6,89,0.5584,0.0196
G_mean: 0.9187: 0.1274,1.2097,169,54,81,2,16,0.2178,0.0342
G_mean: 0.8237: 0.6294,11.4274,152,43,65,2,71,0.634,0.0155
G_mean: 0.7838: 0.1393,17.9382,285,49,20,2,86,0.3955,0.0557
G_mean: 0.8819: 0.0278,16.6838,203,69,58,8,60,0.1357,0.0326
G_mean: 0.8864: 0.2233,3.816,234,94,72,4,72,0.4847,0.0362
G_mean: 0.8851: 0.2823,2.4236,207,50,84,3,33,0.8114,0.0956
G_mean: 0.8854: 0.8051,1.3916,55,41,25,6,82,0.8097,0.0027
G_mean: 0.1503: 0.2778,14.9753,248,54,54,9,32,0.0696,0.012
Step: 1, max G_mean: 0.919695126722535, hyperparameter: [0.9787285115065069, 6.101973072214455, 278.554313379968, 82.35664369642538, 87.91064917036965, 2.8047770918015225, 6.742180864760506, 0.5456265804813394, 0.04074348480336671]
Round: 9, Step 2
G_mean: 0.9120: 0.2944,1.6004,87,95,16,8,10,0.6409,0.0117
G_mean: 0.8763: 0.2356,4.8528,276,47,47,1,59,0.2206,0.0453
G_mean: 0.8189: 0.9787,15.29,279,72,88,8,7,0.5456,0.0407
G_mean: 0.7918: 0.2252,14.9563,94,75,36,9,45,0.0624,0.0524
G_mean: 0.8823: 0.6051,12.3281,222,65,72,4,33,0.3101,0.0718
G_mean: 0.9056: 0.3335,2.8341,196,72,84,5,23,0.4215,0.0529
G_mean: 0.8872: 0.5104,4.2701,184,92,65,9,7,0.5874,0.0937
G_mean: 0.8652: 0.9677,11.1522,26,37,73,8,77,0.306,0.0164
G_mean: 0.9040: 0.4064,4.5004,221,80,89,9,39,0.3042,0.0534
G_mean: 0.8200: 0.2391,10.8996,77,78,95,1,87,0.458,0.0959
G_mean: 0.8897: 0.0035,17.6,223,78,83,6,74,0.3667,0.0951
G_mean: 0.8999: 0.5467,7.2122,275,75,9,4,15,0.0668,0.0973
G_mean: 0.8838: 0.8447,18.4091,198,77,64,5,5,0.2865,0.0202
G_mean: 0.8248: 0.2947,17.0224,90,51,63,10,89,0.5584,0.0297
G_mean: 0.8802: 0.2337,11.9108,169,54,82,2,11,0.3456,0.0342
G_mean: 0.8345: 0.9721,11.1427,131,69,58,8,46,0.3023,0.0326
G_mean: 0.7212: 0.0722,10.5152,80,25,72,9,83,0.4847,0.0362
G_mean: 0.8745: 0.2823,2.4236,179,55,84,3,33,0.8114,0.0956
G_mean: 0.9015: 0.8051,1.3916,55,49,25,6,82,0.072,0.0027
G_mean: 0.8556: 0.2778,14.9753,55,54,54,9,32,0.0696,0.012
Step: 2, max G_mean: 0.919695126722535, hyperparameter: [0.9787285115065069, 6.101973072214455, 278.554313379968, 82.35664369642538, 87.91064917036965, 2.8047770918015225, 6.742180864760506, 0.5456265804813394, 0.04074348480336671]
Round: 9, Step 3
G_mean: 0.9249: 0.2944,1.6004,41,95,69,8,10,0.6672,0.0117
G_mean: 0.8974: 0.2356,1.5139,276,47,47,7,59,0.3898,0.0168
G_mean: 0.8998: 0.751,6.102,279,82,88,3,14,0.5456,0.0407
G_mean: 0.8935: 0.2252,4.8682,94,75,91,9,45,0.6898,0.0469
G_mean: 0.8814: 0.3335,2.8341,196,72,84,5,23,0.4215,0.0529
G_mean: 0.8846: 0.776,11.0466,204,92,86,10,7,0.5874,0.0937
G_mean: 0.9041: 0.8525,4.5004,221,79,89,9,42,0.3042,0.0506
G_mean: 0.8322: 0.2391,10.8996,77,78,78,1,26,0.458,0.0158
G_mean: 0.8998: 0.8447,1.3716,145,77,64,5,51,0.2865,0.0202
G_mean: 0.9254: 0.1274,2.9861,169,73,81,2,16,0.2185,0.0342
Step: 3, max G_mean: 0.9253625929874714, hyperparameter: [0.12741931163641323, 2.9860937941279437, 168.73654536234977, 73.35151784140524, 81.42941342414353, 1.9053623724861426, 15.913976997542818, 0.21848429274838083, 0.03422599446191971]
Round: 9, Step 4
G_mean: 0.8882: 0.2944,3.0492,41,95,69,8,13,0.6672,0.0117
G_mean: 0.8760: 0.2266,4.8528,276,75,47,1,45,0.6904,0.0524
G_mean: 0.8026: 0.9787,6.102,279,82,77,3,19,0.5456,0.0407
G_mean: 0.8826: 0.2252,4.8682,94,73,36,2,45,0.6898,0.0524
G_mean: 0.9011: 0.1274,2.9861,169,73,81,2,16,0.2185,0.0406
Step: 4, max G_mean: 0.9253625929874714, hyperparameter: [0.12741931163641323, 2.9860937941279437, 168.73654536234977, 73.35151784140524, 81.42941342414353, 1.9053623724861426, 15.913976997542818, 0.21848429274838083, 0.03422599446191971]
Round: 9, Step 5
G_mean: 0.8922: 0.2061,1.6004,41,79,69,8,10,0.6672,0.0555
G_mean: 0.8956: 0.2356,4.8528,71,47,47,2,59,0.2206,0.0564
G_mean: 0.9108: 0.2406,5.1718,279,82,88,3,49,0.5456,0.0565
G_mean: 0.8736: 0.2252,4.8682,94,75,36,2,45,0.6898,0.0524
G_mean: 0.9137: 0.1274,2.9861,169,73,81,2,16,0.2185,0.0342
Step: 5, max G_mean: 0.9253625929874714, hyperparameter: [0.12741931163641323, 2.9860937941279437, 168.73654536234977, 73.35151784140524, 81.42941342414353, 1.9053623724861426, 15.913976997542818, 0.21848429274838083, 0.03422599446191971]
computational time: 2.172969416111111 h
