Round: 1, Step 0
G_mean: 0.0000: 0.3543,13.9673,76,68,70,4,69,0.9779,0.06
G_mean: 0.8209: 0.9076,17.0507,231,87,43,7,12,0.9176,0.0137
G_mean: 0.8156: 0.9106,15.5357,30,79,46,9,59,0.3165,0.0488
G_mean: 0.7888: 0.4362,11.9532,243,29,44,1,3,0.6282,0.0278
G_mean: 0.8078: 0.9908,8.7831,114,33,60,9,18,0.8078,0.0486
G_mean: 0.8571: 0.1493,8.2609,192,42,29,4,6,0.6128,0.0556
G_mean: 0.0000: 0.0069,10.5071,241,37,55,9,56,0.2848,0.0807
G_mean: 0.8503: 0.4715,4.1665,190,32,79,9,24,0.1559,0.0764
G_mean: 0.7201: 0.2809,13.2163,169,48,48,7,97,0.5163,0.0099
G_mean: 0.8265: 0.2597,9.9666,86,83,44,7,91,0.8756,0.0093
G_mean: 0.6685: 0.6699,8.6795,180,19,10,9,17,0.6148,0.0898
G_mean: 0.7715: 0.3553,14.8706,260,39,67,7,38,0.164,0.0758
G_mean: 0.7388: 0.1996,11.904,40,27,68,4,90,0.8679,0.0925
G_mean: 0.9037: 0.1712,1.9762,103,42,90,5,89,0.4093,0.0296
G_mean: 0.8836: 0.4631,19.5314,208,94,59,6,55,0.7762,0.0073
G_mean: 0.8306: 0.4583,12.0795,269,71,98,8,15,0.1091,0.0632
G_mean: 0.8748: 0.6901,10.1742,63,38,85,8,42,0.2919,0.0468
G_mean: 0.8672: 0.8869,2.819,82,60,19,5,62,0.8568,0.0596
G_mean: 0.7677: 0.6775,14.8754,160,43,16,5,73,0.8604,0.0849
G_mean: 0.8249: 0.9066,15.4266,264,76,63,5,39,0.4435,0.0354
G_mean: 0.8917: 0.6918,13.6633,111,80,73,9,41,0.6565,0.0791
G_mean: 0.6977: 0.8195,19.6158,186,49,84,2,63,0.3597,0.0801
G_mean: 0.8412: 0.0041,16.0323,49,90,23,7,84,0.1138,0.0635
G_mean: 0.9123: 0.5931,8.4656,29,79,36,7,49,0.2125,0.0548
G_mean: 0.8685: 0.2298,5.4689,12,41,43,7,52,0.5575,0.0283
G_mean: 0.8695: 0.7924,13.6956,29,91,60,6,82,0.3664,0.0481
G_mean: 0.5857: 0.3379,12.2835,52,9,19,7,26,0.5092,0.0237
G_mean: 0.4798: 0.1855,9.1399,180,19,82,2,91,0.6172,0.0054
G_mean: 0.7374: 0.7621,7.7291,184,22,23,5,3,0.7729,0.0819
G_mean: 0.1939: 0.9171,8.9563,133,6,52,3,20,0.7391,0.0197
G_mean: 0.8739: 0.8734,14.9975,84,36,54,5,7,0.7218,0.0515
G_mean: 0.8225: 0.3593,13.5098,138,59,23,6,99,0.876,0.0272
G_mean: 0.8236: 0.1483,5.1819,264,20,11,7,31,0.1285,0.0443
G_mean: 0.8736: 0.8744,1.6686,221,77,6,2,99,0.4664,0.0096
G_mean: 0.6976: 0.7228,17.6348,82,16,53,9,68,0.0208,0.0782
G_mean: 0.8607: 0.834,3.5666,79,42,32,6,82,0.1819,0.0984
G_mean: 0.8133: 0.3294,19.5464,96,55,11,5,26,0.1096,0.0497
G_mean: 0.8545: 0.0761,15.5618,266,38,52,3,65,0.0667,0.07
G_mean: 0.8915: 0.9554,18.7873,173,86,16,8,13,0.4649,0.0704
G_mean: 0.7902: 0.6967,17.6723,70,31,83,8,67,0.4345,0.0686
G_mean: 0.6850: 0.5875,19.191,70,23,90,4,33,0.747,0.0623
G_mean: 0.7643: 0.2287,1.3743,80,9,30,6,80,0.0074,0.0964
G_mean: 0.8966: 0.5681,16.5426,245,68,90,7,42,0.7618,0.069
G_mean: 0.9052: 0.3109,10.2816,60,94,53,7,18,0.6233,0.0486
G_mean: 0.8950: 0.6037,5.3515,32,55,34,7,7,0.5715,0.0797
G_mean: 0.5892: 0.0231,11.2988,149,17,32,7,13,0.8002,0.0945
G_mean: 0.8726: 0.8535,12.4572,272,68,78,5,30,0.8358,0.0908
G_mean: 0.8793: 0.8494,12.4926,162,50,93,2,77,0.1192,0.0479
G_mean: 0.8431: 0.4362,3.0231,222,20,83,6,87,0.2621,0.0978
G_mean: 0.7578: 0.0113,9.6041,237,33,26,9,17,0.6419,0.0778
G_mean: 0.5239: 0.3543,14.9393,113,74,70,2,2,0.9779,0.079
G_mean: 0.6226: 0.3401,17.0507,153,17,43,7,12,0.9176,0.0282
G_mean: 0.7216: 0.9106,14.9366,30,19,85,9,87,0.3165,0.0488
G_mean: 0.7378: 0.5651,11.9532,243,29,64,1,3,0.851,0.0278
G_mean: 0.8217: 0.9908,8.7831,114,33,60,9,18,0.8078,0.0486
G_mean: 0.6954: 0.1493,7.693,192,13,29,4,6,0.6128,0.0556
G_mean: 0.7954: 0.3182,10.5071,241,39,55,6,56,0.2848,0.0807
G_mean: 0.8707: 0.4715,4.0811,190,32,79,9,24,0.1559,0.0622
G_mean: 0.8536: 0.2809,13.2163,169,48,91,7,97,0.5163,0.0099
G_mean: 0.6550: 0.2597,9.9666,86,83,70,7,14,0.8756,0.0093
G_mean: 0.7714: 0.2455,8.6795,180,29,10,9,80,0.6148,0.0898
G_mean: 0.7558: 0.3553,14.8706,257,45,67,7,17,0.3353,0.0433
G_mean: 0.7712: 0.7708,11.2263,40,33,68,4,90,0.8679,0.0925
G_mean: 0.8945: 0.1712,1.9762,103,42,90,5,89,0.4093,0.0296
G_mean: 0.4107: 0.6714,19.5314,208,94,59,6,55,0.7762,0.0073
G_mean: 0.8034: 0.8365,2.7655,70,30,98,8,15,0.1091,0.0632
G_mean: 0.8733: 0.2303,10.1742,63,38,85,8,11,0.5948,0.0523
G_mean: 0.8159: 0.8869,14.4395,82,60,19,5,64,0.6079,0.0596
G_mean: 0.7504: 0.6409,14.8754,160,43,16,5,73,0.8604,0.0849
G_mean: 0.7463: 0.9066,15.4266,60,31,63,7,39,0.4435,0.0354
G_mean: 0.8558: 0.4789,13.6633,108,80,73,9,41,0.1754,0.0791
G_mean: 0.8810: 0.5771,19.6158,186,49,84,2,63,0.3597,0.0801
G_mean: 0.8802: 0.0041,16.0323,49,90,23,7,84,0.1138,0.0635
G_mean: 0.8603: 0.5931,9.2252,76,79,36,7,71,0.7464,0.0943
G_mean: 0.7642: 0.6965,16.5216,12,44,43,7,52,0.5575,0.0283
G_mean: 0.8663: 0.0356,12.6205,29,91,21,6,82,0.2584,0.0481
G_mean: 0.6783: 0.3379,12.2835,52,9,73,7,57,0.5092,0.0237
G_mean: 0.7532: 0.1855,9.1399,180,19,82,2,91,0.6172,0.0054
G_mean: 0.7975: 0.7621,11.3908,184,22,65,5,3,0.4542,0.0488
G_mean: 0.2976: 0.6055,10.3459,56,6,29,3,20,0.7391,0.0197
G_mean: 0.8685: 0.8734,12.1116,84,36,54,5,7,0.4065,0.0326
G_mean: 0.8217: 0.3593,13.4046,148,59,23,6,99,0.876,0.0964
G_mean: 0.8926: 0.1483,5.1819,212,60,11,3,31,0.1285,0.0443
G_mean: 0.8267: 0.4577,7.5909,221,77,6,7,60,0.3809,0.0962
G_mean: 0.6397: 0.7228,17.6348,82,16,40,9,68,0.0208,0.0782
G_mean: 0.6325: 0.6715,17.2225,79,29,32,6,18,0.1819,0.0984
G_mean: 0.4798: 0.3294,19.5464,96,64,11,8,26,0.1096,0.0927
G_mean: 0.8491: 0.0761,10.6485,266,38,52,3,65,0.0667,0.0514
G_mean: 0.8960: 0.9554,18.7873,173,86,16,8,13,0.4649,0.0348
G_mean: 0.8693: 0.5555,17.6723,291,45,91,8,67,0.7929,0.0607
G_mean: 0.8082: 0.5875,19.191,135,23,90,4,85,0.747,0.0623
G_mean: 0.8328: 0.2287,1.3743,80,9,30,3,80,0.0074,0.0964
G_mean: 0.6192: 0.6614,16.5426,225,11,90,2,70,0.0804,0.069
G_mean: 0.9054: 0.2421,3.2857,60,94,53,7,41,0.6343,0.0486
G_mean: 0.8615: 0.6037,5.3515,32,55,34,7,7,0.5715,0.0797
G_mean: 0.7409: 0.0231,14.4742,149,17,32,3,13,0.8002,0.0713
G_mean: 0.7919: 0.6609,12.4572,272,68,78,5,30,0.8358,0.0908
G_mean: 0.8389: 0.8494,12.4926,162,50,45,3,77,0.879,0.0479
G_mean: 0.7880: 0.9206,6.4065,120,20,89,6,57,0.2621,0.0978
G_mean: 0.6895: 0.0113,9.6041,237,33,12,9,17,0.6419,0.0778
Step: 0, max G_mean: 0.9123123387175938, hyperparameter: [0.5930888943348177, 8.465575166105324, 28.623313346669185, 79.15344175492433, 35.88051640198934, 6.910475548916306, 49.05098236900682, 0.2124577838928352, 0.05484813990417417]
Round: 1, Step 1
G_mean: 0.8553: 0.1493,8.2609,192,42,29,8,6,0.6128,0.0556
G_mean: 0.8052: 0.1147,9.1404,190,32,75,9,24,0.2833,0.0622
G_mean: 0.8634: 0.2809,13.2163,150,68,91,7,97,0.5163,0.0099
G_mean: 0.8766: 0.2706,17.5551,28,83,44,7,91,0.8756,0.0093
G_mean: 0.7324: 0.7386,1.9762,103,10,90,8,89,0.4093,0.0724
G_mean: 0.6526: 0.4631,19.5314,208,94,59,6,77,0.7762,0.0073
G_mean: 0.7743: 0.4583,12.0795,174,39,3,7,15,0.1091,0.0632
G_mean: 0.8729: 0.6901,10.1742,63,69,59,4,42,0.2919,0.0468
G_mean: 0.8238: 0.2106,2.819,82,61,35,5,26,0.8568,0.0595
G_mean: 0.8903: 0.9066,13.8584,264,65,63,5,38,0.4435,0.0354
G_mean: 0.8907: 0.6918,8.0745,259,75,44,9,41,0.6565,0.0237
G_mean: 0.7755: 0.0511,16.5429,186,33,84,2,76,0.3597,0.0801
G_mean: 0.8656: 0.5242,16.0323,49,81,23,7,82,0.1138,0.0635
G_mean: 0.8867: 0.5931,9.7432,29,89,36,7,49,0.2226,0.0548
G_mean: 0.8249: 0.2298,5.4689,12,41,43,3,55,0.5575,0.0283
G_mean: 0.8393: 0.7924,16.6124,29,91,60,6,37,0.3664,0.0481
G_mean: 0.8051: 0.4229,16.4131,84,36,54,5,7,0.4518,0.0634
G_mean: 0.8929: 0.1483,5.1819,65,60,11,10,31,0.2102,0.0443
G_mean: 0.8950: 0.8744,1.6686,221,77,6,2,99,0.474,0.0096
G_mean: 0.9009: 0.3066,3.5666,224,80,47,6,10,0.1819,0.0984
G_mean: 0.6135: 0.9406,15.5618,266,38,47,3,65,0.2362,0.0382
G_mean: 0.8350: 0.6422,18.7873,173,86,91,8,13,0.0928,0.0348
G_mean: 0.8661: 0.5555,11.4675,291,45,91,2,67,0.7929,0.0607
G_mean: 0.8918: 0.2287,1.3743,100,45,30,3,80,0.0074,0.0964
G_mean: 0.8466: 0.5837,16.5426,245,96,90,7,42,0.7618,0.0543
G_mean: 0.9082: 0.2683,3.2857,60,94,53,7,41,0.1065,0.0486
G_mean: 0.8787: 0.621,5.3515,32,55,34,7,7,0.5715,0.0797
G_mean: 0.8858: 0.5297,12.4572,272,68,78,5,85,0.8358,0.0908
G_mean: 0.7069: 0.8494,14.5361,162,22,79,2,77,0.1192,0.0479
G_mean: 0.8673: 0.528,11.7964,156,37,74,6,87,0.5791,0.0627
Step: 1, max G_mean: 0.9123123387175938, hyperparameter: [0.5930888943348177, 8.465575166105324, 28.623313346669185, 79.15344175492433, 35.88051640198934, 6.910475548916306, 49.05098236900682, 0.2124577838928352, 0.05484813990417417]
Round: 1, Step 2
G_mean: 0.8356: 0.6423,15.1419,28,83,91,7,91,0.8756,0.0093
G_mean: 0.8521: 0.1712,6.9257,101,42,90,5,89,0.4093,0.0943
G_mean: 0.7682: 0.4631,19.5314,52,31,59,6,55,0.7762,0.0073
G_mean: 0.8522: 0.6901,11.2898,63,38,67,8,66,0.6994,0.0468
G_mean: 0.8389: 0.9066,13.8584,264,65,72,5,38,0.4435,0.0354
G_mean: 0.7285: 0.6918,13.6633,51,26,50,9,41,0.6565,0.0791
G_mean: 0.8509: 0.7985,19.6158,83,49,84,2,63,0.3597,0.0744
G_mean: 0.7836: 0.0041,16.0323,49,33,23,7,84,0.2972,0.0688
G_mean: 0.8716: 0.8013,13.2079,29,79,36,7,49,0.2125,0.0548
G_mean: 0.8272: 0.8413,19.1125,84,36,54,4,7,0.7218,0.0515
G_mean: 0.8964: 0.1483,5.1819,65,64,11,10,28,0.2102,0.0443
G_mean: 0.9127: 0.8744,1.6686,182,87,10,8,19,0.3674,0.0252
G_mean: 0.8946: 0.3066,3.5666,224,80,47,6,10,0.1819,0.0821
G_mean: 0.8610: 0.6035,9.3918,173,86,65,5,53,0.4649,0.0348
G_mean: 0.9106: 0.5439,1.3743,100,45,70,3,63,0.0074,0.0905
G_mean: 0.9036: 0.5681,16.7625,168,68,90,7,42,0.7618,0.0561
G_mean: 0.9137: 0.2683,3.2857,60,94,53,7,41,0.1065,0.0486
G_mean: 0.8638: 0.6037,9.3923,32,55,34,8,7,0.5715,0.0794
G_mean: 0.0000: 0.5297,12.4572,178,68,78,5,85,0.8358,0.0908
G_mean: 0.8689: 0.8494,9.0251,162,50,93,2,77,0.1192,0.0479
Step: 2, max G_mean: 0.9137154200940121, hyperparameter: [0.26825974760837046, 3.2857106509335683, 60.06534930198074, 93.72181826871672, 53.13081056766591, 6.543622676726666, 41.226203364586254, 0.1065316930325726, 0.04856555717309637]
Round: 1, Step 3
G_mean: 0.9056: 0.1712,1.9762,103,48,90,3,89,0.4093,0.0296
G_mean: 0.8625: 0.5931,8.4656,196,79,36,7,49,0.2125,0.0548
G_mean: 0.8659: 0.1483,5.1819,51,64,11,10,28,0.0659,0.0443
G_mean: 0.8797: 0.8744,17.4977,182,87,10,7,19,0.6028,0.0252
G_mean: 0.9092: 0.6034,3.5666,224,80,47,6,23,0.1819,0.0984
G_mean: 0.8607: 0.9554,18.7873,173,86,76,9,13,0.4649,0.0369
G_mean: 0.8858: 0.5439,1.3743,100,45,70,3,63,0.0074,0.0905
G_mean: 0.7696: 0.5681,16.7625,11,68,40,7,42,0.7618,0.0561
G_mean: 0.9051: 0.6676,3.2857,60,68,53,7,41,0.1065,0.0486
G_mean: 0.8885: 0.6037,5.3515,32,55,52,7,20,0.5715,0.0639
Step: 3, max G_mean: 0.9137154200940121, hyperparameter: [0.26825974760837046, 3.2857106509335683, 60.06534930198074, 93.72181826871672, 53.13081056766591, 6.543622676726666, 41.226203364586254, 0.1065316930325726, 0.04856555717309637]
Round: 1, Step 4
G_mean: 0.8730: 0.631,3.493,230,79,36,7,49,0.1938,0.0548
G_mean: 0.8958: 0.5946,1.4033,182,43,10,3,19,0.3674,0.0252
G_mean: 0.8887: 0.6034,3.5666,118,80,47,6,23,0.1819,0.0984
G_mean: 0.8864: 0.5237,1.3743,100,45,70,3,63,0.0026,0.0905
G_mean: 0.8923: 0.2683,3.2857,60,94,53,7,41,0.1065,0.0486
Step: 4, max G_mean: 0.9137154200940121, hyperparameter: [0.26825974760837046, 3.2857106509335683, 60.06534930198074, 93.72181826871672, 53.13081056766591, 6.543622676726666, 41.226203364586254, 0.1065316930325726, 0.04856555717309637]
computational time: 2.664238164722222 h
