Round: 8, Step 0
G_mean: 0.9078: 0.2944,1.6004,87,95,69,8,10,0.6672,0.0117
G_mean: 0.9011: 0.2356,4.8528,276,47,47,1,59,0.2206,0.0168
G_mean: 0.8060: 0.4508,10.3678,293,43,47,5,69,0.8933,0.0339
G_mean: 0.6380: 0.1707,18.1026,170,23,6,9,13,0.952,0.0252
G_mean: 0.8406: 0.9926,8.0543,134,52,69,6,94,0.0423,0.0499
G_mean: 0.8958: 0.1635,8.0534,190,38,79,9,15,0.3902,0.0958
G_mean: 0.7880: 0.4954,4.577,71,26,5,6,28,0.2918,0.0694
G_mean: 0.8356: 0.3263,13.4396,279,25,88,7,41,0.5456,0.0407
G_mean: 0.9091: 0.8089,4.8682,94,75,36,2,45,0.6063,0.0524
G_mean: 0.8656: 0.2968,2.9586,51,28,92,2,80,0.4982,0.0854
G_mean: 0.0000: 0.2759,19.8493,192,6,16,4,88,0.6732,0.062
G_mean: 0.3582: 0.0737,15.9058,50,91,8,2,43,0.9471,0.0188
G_mean: 0.8754: 0.208,2.8944,210,45,39,2,38,0.7967,0.0796
G_mean: 0.0000: 0.8836,12.3935,255,67,34,7,71,0.7488,0.0053
G_mean: 0.8550: 0.4328,18.2654,27,57,53,8,86,0.3424,0.0756
G_mean: 0.8272: 0.8676,14.9169,150,75,67,7,52,0.6303,0.0236
G_mean: 0.8267: 0.0243,9.8004,220,28,92,4,21,0.6491,0.0561
G_mean: 0.7975: 0.0991,8.5557,265,36,66,9,80,0.0223,0.0246
G_mean: 0.5299: 0.6695,14.1859,247,6,49,5,38,0.0601,0.0235
G_mean: 0.8879: 0.4145,11.5054,76,91,16,1,79,0.7319,0.0469
G_mean: 0.0000: 0.5835,9.8237,61,64,27,7,86,0.933,0.0446
G_mean: 0.0000: 0.0901,16.776,104,6,74,9,83,0.1109,0.0093
G_mean: 0.0000: 0.9279,13.9394,271,91,27,8,87,0.9528,0.0627
G_mean: 0.8619: 0.05,16.7305,216,78,8,2,97,0.5021,0.0768
G_mean: 0.8128: 0.562,16.134,17,65,58,4,33,0.746,0.0718
G_mean: 0.8532: 0.2813,6.1645,213,46,42,4,51,0.46,0.0933
G_mean: 0.8336: 0.6687,1.4537,172,84,66,6,8,0.9356,0.0411
G_mean: 0.8598: 0.0878,9.8786,148,55,68,8,37,0.43,0.0041
G_mean: 0.7971: 0.9922,18.168,87,42,98,5,46,0.8884,0.041
G_mean: 0.8946: 0.3335,2.8341,235,93,7,2,20,0.4306,0.0529
G_mean: 0.0000: 0.8142,14.4193,285,57,19,9,59,0.1554,0.0034
G_mean: 0.8905: 0.776,11.0466,69,92,65,10,7,0.5874,0.0937
G_mean: 0.8685: 0.4149,8.7464,26,52,19,6,77,0.2006,0.0164
G_mean: 0.8210: 0.4064,4.5004,221,80,89,9,42,0.3042,0.0506
G_mean: 0.9058: 0.2391,2.2782,77,78,95,8,18,0.458,0.0959
G_mean: 0.8741: 0.7366,10.6694,56,78,83,3,76,0.5636,0.0781
G_mean: 0.8083: 0.5994,19.3871,60,83,58,6,72,0.2426,0.0045
G_mean: 0.8712: 0.5467,17.6039,275,75,74,4,15,0.1915,0.0973
G_mean: 0.8471: 0.8447,19.0804,132,77,64,5,99,0.2865,0.0202
G_mean: 0.7841: 0.9935,11.0837,56,89,16,6,89,0.5584,0.0196
G_mean: 0.8627: 0.5138,17.4276,195,92,34,2,53,0.852,0.0469
G_mean: 0.8289: 0.1319,11.4274,152,43,65,10,71,0.6815,0.0155
G_mean: 0.8389: 0.5265,17.9382,11,49,54,1,98,0.3955,0.0169
G_mean: 0.7577: 0.9055,17.6638,37,38,55,5,48,0.8263,0.0984
G_mean: 0.8619: 0.1223,10.1719,233,69,58,8,54,0.7337,0.0326
G_mean: 0.5163: 0.3942,13.9651,29,8,38,7,56,0.7323,0.028
G_mean: 0.8970: 0.8554,9.4927,267,94,72,4,83,0.4847,0.0362
G_mean: 0.8366: 0.8435,2.4236,207,41,84,3,33,0.878,0.0956
G_mean: 0.8669: 0.8051,6.243,81,41,84,7,28,0.8097,0.0027
G_mean: 0.8807: 0.2778,14.9753,184,54,54,9,32,0.0696,0.012
G_mean: 0.8964: 0.398,1.6004,87,95,66,3,90,0.6672,0.0117
G_mean: 0.6722: 0.2356,4.8528,132,8,47,5,59,0.2206,0.0168
G_mean: 0.8216: 0.4508,10.3678,171,43,79,5,69,0.8933,0.0701
G_mean: 0.3365: 0.9088,18.1026,292,62,48,7,13,0.952,0.0252
G_mean: 0.7949: 0.2674,8.0543,174,52,46,6,64,0.928,0.0451
G_mean: 0.8708: 0.1635,8.0534,155,38,79,9,15,0.3902,0.0958
G_mean: 0.7743: 0.4954,5.1756,132,20,5,6,54,0.2918,0.0694
G_mean: 0.7752: 0.468,13.4396,180,25,10,3,41,0.5456,0.0377
G_mean: 0.8801: 0.7836,4.8682,166,75,36,2,45,0.3629,0.083
G_mean: 0.8300: 0.7737,2.9586,51,28,92,2,80,0.4982,0.0854
G_mean: 0.0000: 0.2759,19.8493,192,6,16,8,88,0.6732,0.0271
G_mean: 0.7917: 0.0737,4.1295,50,67,8,2,43,0.9471,0.0188
G_mean: 0.8609: 0.208,2.0845,210,45,39,10,38,0.7967,0.0796
G_mean: 0.3120: 0.2715,12.3935,255,67,34,7,15,0.7488,0.0053
G_mean: 0.8770: 0.4328,15.9271,27,57,53,8,86,0.3424,0.038
G_mean: 0.6011: 0.8676,8.3076,150,75,1,7,52,0.4963,0.0236
G_mean: 0.8571: 0.0243,5.5742,220,28,92,4,21,0.8033,0.0275
G_mean: 0.8871: 0.0991,8.5557,265,36,66,9,80,0.0223,0.0246
G_mean: 0.4200: 0.279,14.1859,247,6,49,5,38,0.0601,0.0235
G_mean: 0.8735: 0.4145,3.6645,76,91,16,1,79,0.7319,0.0469
G_mean: 0.7308: 0.5835,9.8237,61,55,27,7,91,0.933,0.0446
G_mean: 0.0000: 0.0901,16.776,104,6,21,7,83,0.1109,0.0093
G_mean: 0.6291: 0.9279,13.9394,271,91,84,6,87,0.9528,0.0627
G_mean: 0.8227: 0.7836,11.8691,216,89,8,2,35,0.5021,0.0768
G_mean: 0.8035: 0.562,16.134,17,65,4,4,74,0.2809,0.0718
G_mean: 0.8721: 0.589,6.1645,213,46,42,4,51,0.46,0.0933
G_mean: 0.3877: 0.6687,1.4537,172,84,61,6,9,0.9356,0.0863
G_mean: 0.8533: 0.0878,13.9879,225,55,68,8,37,0.43,0.0041
G_mean: 0.8090: 0.1834,18.168,87,42,98,5,46,0.8884,0.041
G_mean: 0.8146: 0.3335,19.2983,288,93,7,2,20,0.4306,0.0266
G_mean: 0.0000: 0.8142,14.4193,285,35,19,10,76,0.1554,0.0034
G_mean: 0.8559: 0.776,11.0466,69,59,36,2,7,0.5874,0.0937
G_mean: 0.9092: 0.8533,4.1429,26,52,56,6,65,0.2006,0.0908
G_mean: 0.9027: 0.0216,4.5004,221,80,54,4,22,0.3042,0.0506
G_mean: 0.9168: 0.2391,2.2782,112,78,95,8,18,0.458,0.0959
G_mean: 0.8831: 0.7366,10.6694,56,78,83,4,76,0.3822,0.0781
G_mean: 0.7745: 0.5994,19.3871,103,38,58,5,40,0.2426,0.0045
G_mean: 0.8841: 0.5467,8.2653,275,75,74,4,15,0.1915,0.0973
G_mean: 0.8598: 0.8447,11.0343,132,77,64,5,99,0.0814,0.0202
G_mean: 0.8730: 0.9935,11.0837,220,89,16,6,53,0.5584,0.0196
G_mean: 0.8056: 0.3009,13.5727,195,92,34,2,64,0.852,0.0469
G_mean: 0.8669: 0.1319,11.4274,152,43,65,10,71,0.6815,0.0155
G_mean: 0.8248: 0.2351,17.9382,11,48,54,3,98,0.3955,0.0169
G_mean: 0.7841: 0.2836,17.6638,37,38,62,5,48,0.8263,0.0984
G_mean: 0.8532: 0.1223,14.5928,189,69,58,3,54,0.4706,0.0326
G_mean: 0.5052: 0.3942,13.9651,29,8,38,3,56,0.7323,0.0599
G_mean: 0.8718: 0.8554,9.4927,193,94,72,7,41,0.4847,0.0362
G_mean: 0.8623: 0.8435,5.4585,207,41,71,5,29,0.878,0.061
G_mean: 0.0511: 0.8051,6.243,81,41,84,7,58,0.999,0.0027
G_mean: 0.7808: 0.2778,17.1911,184,48,54,9,32,0.0696,0.012
Step: 0, max G_mean: 0.9167968069877206, hyperparameter: [0.23913708165366965, 2.2782435703732857, 111.99100390232638, 77.5919730267594, 94.63193279147733, 7.944835348244226, 18.47676362329352, 0.45799593488692825, 0.0959405958131835]
Round: 8, Step 1
G_mean: 0.8837: 0.2944,6.7322,87,95,69,8,10,0.6672,0.0117
G_mean: 0.8795: 0.2356,4.8528,101,47,47,5,65,0.2206,0.0168
G_mean: 0.8566: 0.9926,8.0543,134,52,69,6,15,0.0423,0.0499
G_mean: 0.8933: 0.4503,8.0534,190,56,69,7,15,0.3902,0.0802
G_mean: 0.8399: 0.8089,19.5426,230,75,14,5,71,0.6063,0.0524
G_mean: 0.8476: 0.2133,9.2604,288,28,92,6,80,0.3021,0.0854
G_mean: 0.8903: 0.5488,2.8944,210,45,39,2,60,0.3355,0.0796
G_mean: 0.7682: 0.4328,15.9271,27,57,53,8,86,0.233,0.038
G_mean: 0.8548: 0.0243,5.5742,123,28,92,4,6,0.8033,0.0275
G_mean: 0.8417: 0.0991,8.5557,265,36,61,9,80,0.0223,0.0484
G_mean: 0.6808: 0.3721,11.5054,76,17,16,1,8,0.7319,0.0469
G_mean: 0.7983: 0.05,14.8786,224,78,8,2,97,0.5021,0.0164
G_mean: 0.9116: 0.3921,1.0034,213,46,56,4,51,0.46,0.0911
G_mean: 0.0000: 0.0878,9.8786,265,55,19,8,37,0.3088,0.0041
G_mean: 0.8789: 0.3335,2.8341,235,93,7,8,20,0.4306,0.0529
G_mean: 0.8805: 0.776,15.8539,155,92,15,10,7,0.5874,0.0937
G_mean: 0.8328: 0.8533,4.1429,246,72,1,6,65,0.0011,0.0299
G_mean: 0.8954: 0.0216,4.5004,105,44,54,6,22,0.5599,0.0506
G_mean: 0.9119: 0.1723,2.2782,191,78,95,9,18,0.458,0.0959
G_mean: 0.8577: 0.4229,10.868,150,57,83,4,76,0.4673,0.0386
G_mean: 0.9134: 0.4332,8.2653,284,75,74,10,15,0.1915,0.0384
G_mean: 0.8555: 0.8447,11.0343,240,77,64,7,99,0.0814,0.0202
G_mean: 0.8739: 0.2555,11.0837,276,89,16,6,58,0.5584,0.0196
G_mean: 0.7952: 0.5138,17.4276,195,92,84,5,53,0.852,0.0469
G_mean: 0.8527: 0.6471,11.4274,152,43,65,6,71,0.6815,0.0484
G_mean: 0.8947: 0.7456,10.1719,233,69,58,8,39,0.1433,0.0326
G_mean: 0.8736: 0.8554,10.3421,267,94,61,4,23,0.4847,0.0362
G_mean: 0.8549: 0.8435,5.4585,207,41,71,5,68,0.878,0.0304
G_mean: 0.8897: 0.8051,2.9287,144,55,84,8,28,0.8097,0.082
G_mean: 0.7506: 0.2778,14.9753,184,13,54,9,68,0.7767,0.0319
Step: 1, max G_mean: 0.9167968069877206, hyperparameter: [0.23913708165366965, 2.2782435703732857, 111.99100390232638, 77.5919730267594, 94.63193279147733, 7.944835348244226, 18.47676362329352, 0.45799593488692825, 0.0959405958131835]
Round: 8, Step 2
G_mean: 0.8873: 0.2944,1.6004,110,95,65,8,10,0.6672,0.0117
G_mean: 0.8753: 0.0664,4.8528,276,52,47,1,59,0.2206,0.0168
G_mean: 0.8511: 0.1635,8.0534,190,38,40,9,21,0.3902,0.098
G_mean: 0.9165: 0.8089,1.1241,94,75,36,2,38,0.6063,0.0524
G_mean: 0.8804: 0.5488,11.6869,210,88,39,2,60,0.511,0.0796
G_mean: 0.8747: 0.4328,15.9271,27,57,53,8,86,0.8065,0.0749
G_mean: 0.8760: 0.3475,8.5557,217,36,66,8,49,0.555,0.0246
G_mean: 0.8952: 0.4145,1.4221,76,91,16,3,18,0.7319,0.0431
G_mean: 0.7936: 0.0622,14.0898,213,57,56,4,51,0.46,0.0911
G_mean: 0.8835: 0.3335,2.8341,164,93,55,2,20,0.4306,0.0529
G_mean: 0.8456: 0.776,11.0466,70,92,65,7,20,0.5874,0.0937
G_mean: 0.8700: 0.8533,4.1429,30,52,56,6,65,0.2006,0.0908
G_mean: 0.8901: 0.0216,4.5004,221,71,54,4,32,0.8007,0.0506
G_mean: 0.8935: 0.2391,2.2782,112,78,95,8,97,0.6284,0.0959
G_mean: 0.8361: 0.7366,15.0612,56,78,33,6,54,0.3822,0.0781
G_mean: 0.8799: 0.6056,8.2653,232,83,74,9,44,0.5569,0.0384
G_mean: 0.8528: 0.7456,11.3279,182,57,58,8,41,0.1433,0.053
G_mean: 0.8864: 0.8554,4.6755,267,94,72,4,83,0.8511,0.0876
G_mean: 0.8971: 0.8051,2.9287,144,55,84,8,28,0.8097,0.098
G_mean: 0.6354: 0.2778,14.9753,184,29,54,9,32,0.5659,0.012
Step: 2, max G_mean: 0.9167968069877206, hyperparameter: [0.23913708165366965, 2.2782435703732857, 111.99100390232638, 77.5919730267594, 94.63193279147733, 7.944835348244226, 18.47676362329352, 0.45799593488692825, 0.0959405958131835]
computational time: 2.158813193888889 h
