Round: 3, Step 0
G_mean: 0.8936: 0.2944,1.6004,87,95,69,8,10,0.6672,0.0117
G_mean: 0.8586: 0.2356,4.8528,276,47,47,1,59,0.2206,0.0168
G_mean: 0.8092: 0.4508,10.3678,293,43,47,5,69,0.8933,0.0339
G_mean: 0.7568: 0.1707,18.1026,170,23,6,9,13,0.952,0.0252
G_mean: 0.8434: 0.9926,8.0543,134,52,69,6,94,0.0423,0.0499
G_mean: 0.7123: 0.1635,8.0534,190,38,79,9,15,0.3902,0.0958
G_mean: 0.7669: 0.4954,4.577,71,26,5,6,28,0.2918,0.0694
G_mean: 0.7479: 0.3263,13.4396,279,25,88,7,41,0.5456,0.0407
G_mean: 0.8716: 0.8089,4.8682,94,75,36,2,45,0.6063,0.0524
G_mean: 0.7964: 0.2968,2.9586,51,28,92,2,80,0.4982,0.0854
G_mean: 0.2808: 0.2759,19.8493,192,6,16,4,88,0.6732,0.062
G_mean: 0.1229: 0.0737,15.9058,50,91,8,2,43,0.9471,0.0188
G_mean: 0.8660: 0.208,2.8944,210,45,39,2,38,0.7967,0.0796
G_mean: 0.7238: 0.8836,12.3935,255,67,34,7,71,0.7488,0.0053
G_mean: 0.8439: 0.4328,18.2654,27,57,53,8,86,0.3424,0.0756
G_mean: 0.8840: 0.8676,14.9169,150,75,67,7,52,0.6303,0.0236
G_mean: 0.8176: 0.0243,9.8004,220,28,92,4,21,0.6491,0.0561
G_mean: 0.8451: 0.0991,8.5557,265,36,66,9,80,0.0223,0.0246
G_mean: 0.4591: 0.6695,14.1859,247,6,49,5,38,0.0601,0.0235
G_mean: 0.8559: 0.4145,11.5054,76,91,16,1,79,0.7319,0.0469
G_mean: 0.8051: 0.5835,9.8237,61,64,27,7,86,0.933,0.0446
G_mean: 0.0000: 0.0901,16.776,104,6,74,9,83,0.1109,0.0093
G_mean: 0.7954: 0.9279,13.9394,271,91,27,8,87,0.9528,0.0627
G_mean: 0.0000: 0.05,16.7305,216,78,8,2,97,0.5021,0.0768
G_mean: 0.8661: 0.562,16.134,17,65,58,4,33,0.746,0.0718
G_mean: 0.8615: 0.2813,6.1645,213,46,42,4,51,0.46,0.0933
G_mean: 0.8311: 0.6687,1.4537,172,84,66,6,8,0.9356,0.0411
G_mean: 0.8867: 0.0878,9.8786,148,55,68,8,37,0.43,0.0041
G_mean: 0.8412: 0.9922,18.168,87,42,98,5,46,0.8884,0.041
G_mean: 0.8729: 0.3335,2.8341,235,93,7,2,20,0.4306,0.0529
G_mean: 0.8140: 0.8142,14.4193,285,57,19,9,59,0.1554,0.0034
G_mean: 0.8789: 0.776,11.0466,69,92,65,10,7,0.5874,0.0937
G_mean: 0.8642: 0.4149,8.7464,26,52,19,6,77,0.2006,0.0164
G_mean: 0.8881: 0.4064,4.5004,221,80,89,9,42,0.3042,0.0506
G_mean: 0.9211: 0.2391,2.2782,77,78,95,8,18,0.458,0.0959
G_mean: 0.8918: 0.7366,10.6694,56,78,83,3,76,0.5636,0.0781
G_mean: 0.8136: 0.5994,19.3871,60,83,58,6,72,0.2426,0.0045
G_mean: 0.8175: 0.5467,17.6039,275,75,74,4,15,0.1915,0.0973
G_mean: 0.8487: 0.8447,19.0804,132,77,64,5,99,0.2865,0.0202
G_mean: 0.8395: 0.9935,11.0837,56,89,16,6,89,0.5584,0.0196
G_mean: 0.8465: 0.5138,17.4276,195,92,34,2,53,0.852,0.0469
G_mean: 0.8272: 0.1319,11.4274,152,43,65,10,71,0.6815,0.0155
G_mean: 0.8294: 0.5265,17.9382,11,49,54,1,98,0.3955,0.0169
G_mean: 0.7378: 0.9055,17.6638,37,38,55,5,48,0.8263,0.0984
G_mean: 0.7388: 0.1223,10.1719,233,69,58,8,54,0.7337,0.0326
G_mean: 0.4338: 0.3942,13.9651,29,8,38,7,56,0.7323,0.028
G_mean: 0.8706: 0.8554,9.4927,267,94,72,4,83,0.4847,0.0362
G_mean: 0.8075: 0.8435,2.4236,207,41,84,3,33,0.878,0.0956
G_mean: 0.8356: 0.8051,6.243,81,41,84,7,28,0.8097,0.0027
G_mean: 0.7070: 0.2778,14.9753,184,54,54,9,32,0.0696,0.012
G_mean: 0.8975: 0.9067,1.6004,87,95,69,8,10,0.6672,0.0117
G_mean: 0.7869: 0.2356,4.8528,276,53,47,2,59,0.2206,0.0168
G_mean: 0.2379: 0.0675,10.442,293,34,84,5,69,0.8933,0.0801
G_mean: 0.5924: 0.1707,18.1026,170,23,6,9,13,0.952,0.082
G_mean: 0.8870: 0.9926,8.0543,134,52,69,3,94,0.0423,0.0499
G_mean: 0.8561: 0.7864,8.0534,190,38,54,9,15,0.0167,0.0145
G_mean: 0.8058: 0.4954,4.577,71,26,64,6,28,0.2918,0.0694
G_mean: 0.6918: 0.3263,13.4396,279,25,88,7,41,0.094,0.0407
G_mean: 0.8835: 0.8089,4.5579,94,66,36,2,45,0.7671,0.0524
G_mean: 0.8644: 0.2968,2.9586,204,28,92,2,80,0.4982,0.0497
G_mean: 0.8010: 0.4509,19.8493,192,43,16,8,88,0.6732,0.062
G_mean: 0.8023: 0.0737,15.9058,50,82,8,2,17,0.9471,0.0188
G_mean: 0.8000: 0.6283,2.8944,210,23,86,2,38,0.7967,0.0753
G_mean: 0.8060: 0.8836,12.3935,148,79,64,7,91,0.7488,0.0053
G_mean: 0.7549: 0.4328,18.2654,27,57,85,2,86,0.3424,0.0652
G_mean: 0.7578: 0.8676,18.4194,150,75,67,7,52,0.9529,0.0236
G_mean: 0.8775: 0.2091,9.8004,220,64,91,4,21,0.1615,0.0561
G_mean: 0.8603: 0.0991,8.5557,265,53,61,9,55,0.0223,0.0246
G_mean: 0.8066: 0.6695,14.1859,87,83,52,5,38,0.0601,0.0235
G_mean: 0.7996: 0.6029,11.5054,76,91,16,1,79,0.7319,0.0469
G_mean: 0.7978: 0.228,11.5876,67,64,71,7,86,0.933,0.0446
G_mean: 0.7022: 0.0901,16.776,104,62,59,6,83,0.1721,0.0093
G_mean: 0.7859: 0.9279,13.9394,271,88,80,8,87,0.2147,0.019
G_mean: 0.0000: 0.05,16.7305,229,8,8,2,97,0.6996,0.0115
G_mean: 0.9000: 0.562,16.3134,118,65,58,4,33,0.746,0.0718
G_mean: 0.8855: 0.2813,3.6773,213,46,76,4,51,0.8441,0.0637
G_mean: 0.8278: 0.2088,1.4537,172,84,66,2,75,0.9356,0.0411
G_mean: 0.2191: 0.0878,12.7627,148,55,70,8,23,0.43,0.0041
G_mean: 0.7844: 0.9922,18.168,87,42,98,5,80,0.8884,0.039
G_mean: 0.6380: 0.3335,10.7705,235,93,16,2,20,0.4306,0.0071
G_mean: 0.8299: 0.3937,14.4193,43,57,19,9,39,0.1554,0.0034
G_mean: 0.9089: 0.776,11.0466,69,92,33,9,7,0.5874,0.0937
G_mean: 0.8500: 0.4149,7.9332,187,36,19,3,77,0.2006,0.0164
G_mean: 0.8107: 0.4064,2.5612,221,57,80,9,36,0.3042,0.0506
G_mean: 0.8926: 0.2391,2.2782,77,64,95,5,18,0.1348,0.0959
G_mean: 0.8997: 0.7366,10.6694,56,78,83,3,76,0.5636,0.0781
G_mean: 0.0000: 0.5994,19.3871,202,53,58,6,38,0.4815,0.0045
G_mean: 0.7564: 0.5467,14.3311,275,50,74,4,62,0.0096,0.0583
G_mean: 0.8192: 0.7034,19.0804,123,77,59,5,99,0.5274,0.0202
G_mean: 0.8578: 0.9935,11.0837,56,89,16,6,41,0.5584,0.028
G_mean: 0.8395: 0.1035,17.4276,195,87,34,2,53,0.852,0.0469
G_mean: 0.8233: 0.1319,9.6184,126,26,65,10,71,0.6815,0.0155
G_mean: 0.8282: 0.7358,17.9382,11,87,49,1,98,0.3955,0.0638
G_mean: 0.6945: 0.9055,17.6638,37,32,55,7,56,0.7637,0.0984
G_mean: 0.8772: 0.1223,5.5858,233,69,26,8,45,0.7337,0.0326
G_mean: 0.8478: 0.3942,13.9651,29,57,38,7,56,0.7323,0.028
G_mean: 0.8879: 0.8554,9.4927,267,94,99,4,83,0.0429,0.0675
G_mean: 0.8053: 0.6695,2.9628,122,41,55,3,70,0.878,0.0539
G_mean: 0.7820: 0.1906,6.243,81,41,84,5,64,0.8097,0.0027
G_mean: 0.8439: 0.2778,8.3403,184,72,54,8,32,0.0696,0.0503
Step: 0, max G_mean: 0.9210761807175363, hyperparameter: [0.23913708165366965, 2.2782435703732857, 77.11734324078049, 77.5919730267594, 94.63193279147733, 7.944835348244226, 18.47676362329352, 0.45799593488692825, 0.0959405958131835]
Round: 3, Step 1
G_mean: 0.9245: 0.9067,1.6004,87,95,81,8,10,0.6672,0.0117
G_mean: 0.8400: 0.2356,4.8528,276,47,47,3,59,0.2206,0.0626
G_mean: 0.8626: 0.9808,8.0543,134,52,69,3,94,0.0423,0.0162
G_mean: 0.8844: 0.336,8.0534,190,67,54,9,46,0.2742,0.0407
G_mean: 0.9027: 0.8089,4.5579,182,66,54,9,45,0.2275,0.0288
G_mean: 0.8928: 0.1189,2.9586,204,81,10,5,80,0.4982,0.0358
G_mean: 0.8778: 0.208,15.3027,210,69,39,2,38,0.7967,0.0796
G_mean: 0.8774: 0.2133,5.2309,27,57,53,8,86,0.3424,0.0756
G_mean: 0.8010: 0.8676,10.921,150,75,67,3,52,0.6303,0.0236
G_mean: 0.8941: 0.5575,9.8004,220,64,91,4,21,0.3608,0.0561
G_mean: 0.8449: 0.0991,8.5557,217,68,61,9,52,0.0223,0.0246
G_mean: 0.8667: 0.6493,11.5054,76,91,67,9,79,0.7319,0.0469
G_mean: 0.8920: 0.562,16.3134,186,68,79,4,33,0.6773,0.0718
G_mean: 0.8642: 0.2813,3.6773,195,46,76,8,51,0.1424,0.0637
G_mean: 0.8866: 0.0878,5.8697,148,55,68,8,37,0.43,0.0882
G_mean: 0.8471: 0.9922,18.168,87,42,90,4,28,0.6329,0.041
G_mean: 0.9054: 0.3335,2.8341,235,93,7,4,23,0.1777,0.0529
G_mean: 0.8759: 0.776,7.6405,35,92,33,8,42,0.5874,0.018
G_mean: 0.8781: 0.4149,3.9556,26,88,19,7,77,0.2006,0.0741
G_mean: 0.8714: 0.4064,4.5004,221,80,35,7,89,0.3042,0.0506
G_mean: 0.8766: 0.2391,7.194,191,59,95,8,18,0.458,0.0169
G_mean: 0.8691: 0.7366,10.6694,247,78,83,2,76,0.5636,0.0735
G_mean: 0.7645: 0.8447,19.0804,132,74,64,7,99,0.2865,0.0202
G_mean: 0.8249: 0.6565,11.0837,56,89,16,6,41,0.7259,0.0674
G_mean: 0.8131: 0.5138,17.4276,195,83,34,2,53,0.852,0.0775
G_mean: 0.8778: 0.1223,5.5858,25,78,26,8,45,0.7337,0.0326
G_mean: 0.8152: 0.3684,11.4889,29,57,100,7,56,0.8758,0.028
G_mean: 0.8733: 0.0913,9.4927,267,94,99,4,83,0.0429,0.0675
G_mean: 0.8328: 0.8235,6.243,39,41,68,5,9,0.8097,0.0657
G_mean: 0.8918: 0.2778,8.3403,146,72,54,8,16,0.0696,0.0503
Step: 1, max G_mean: 0.9245197900019573, hyperparameter: [0.9066597958048487, 1.6004209089605652, 87.45174814004109, 94.70826205882197, 81.10640426309358, 7.976815937358872, 9.916267579831331, 0.6671922885461851, 0.011706304638368685]
Round: 3, Step 2
G_mean: 0.8853: 0.0159,1.6004,192,95,81,8,10,0.58,0.0117
G_mean: 0.8272: 0.9926,13.233,134,52,69,3,94,0.0423,0.0499
G_mean: 0.8611: 0.336,8.0534,51,67,47,9,84,0.2742,0.0718
G_mean: 0.8787: 0.8089,4.5579,182,66,41,9,45,0.2275,0.0924
G_mean: 0.8588: 0.1189,16.2728,204,81,10,2,80,0.4982,0.0358
G_mean: 0.8762: 0.208,15.3027,210,69,39,9,17,0.3369,0.0796
G_mean: 0.8609: 0.319,14.9169,150,68,37,2,52,0.6303,0.0521
G_mean: 0.8768: 0.5575,9.8004,220,66,99,4,17,0.4907,0.0387
G_mean: 0.8929: 0.562,12.0247,118,65,58,4,33,0.746,0.0718
G_mean: 0.7815: 0.3001,3.6773,125,46,76,4,51,0.8441,0.0637
G_mean: 0.8644: 0.3973,9.8786,148,80,29,8,37,0.43,0.0041
G_mean: 0.8958: 0.1359,2.8341,235,93,7,4,23,0.1777,0.0529
G_mean: 0.8962: 0.776,9.8562,69,92,54,3,7,0.5874,0.0937
G_mean: 0.8870: 0.4149,3.9556,26,88,45,8,77,0.2006,0.0871
G_mean: 0.8764: 0.4064,4.5004,113,74,63,9,42,0.0208,0.0506
G_mean: 0.8970: 0.4538,6.2372,77,77,66,7,18,0.458,0.0799
G_mean: 0.8609: 0.3723,5.4516,56,78,40,3,60,0.5636,0.0222
G_mean: 0.8687: 0.1223,5.5858,25,78,26,4,31,0.7337,0.0326
G_mean: 0.8924: 0.8554,9.4927,267,94,99,4,47,0.0429,0.0675
G_mean: 0.9117: 0.2778,5.9652,146,72,54,7,16,0.0696,0.0503
Step: 2, max G_mean: 0.9245197900019573, hyperparameter: [0.9066597958048487, 1.6004209089605652, 87.45174814004109, 94.70826205882197, 81.10640426309358, 7.976815937358872, 9.916267579831331, 0.6671922885461851, 0.011706304638368685]
Round: 3, Step 3
G_mean: 0.8867: 0.9067,1.6004,87,61,81,5,23,0.6672,0.0699
G_mean: 0.8439: 0.8089,13.4899,182,66,54,9,45,0.7105,0.0288
G_mean: 0.8361: 0.1189,2.9586,204,81,10,3,80,0.4982,0.0358
G_mean: 0.8913: 0.5575,11.9928,220,65,91,4,21,0.3608,0.0561
G_mean: 0.8148: 0.562,16.3134,118,65,58,4,33,0.8865,0.0718
G_mean: 0.8823: 0.3335,10.2202,235,93,95,4,23,0.1777,0.0529
G_mean: 0.8905: 0.9077,19.4254,69,92,66,9,7,0.5874,0.0937
G_mean: 0.8997: 0.2391,6.7402,100,78,95,8,18,0.458,0.0644
G_mean: 0.8852: 0.7366,10.6694,99,78,83,3,76,0.5636,0.0781
G_mean: 0.8863: 0.2778,13.9764,146,72,52,7,7,0.9009,0.0503
Step: 3, max G_mean: 0.9245197900019573, hyperparameter: [0.9066597958048487, 1.6004209089605652, 87.45174814004109, 94.70826205882197, 81.10640426309358, 7.976815937358872, 9.916267579831331, 0.6671922885461851, 0.011706304638368685]
computational time: 2.2195251025 h
