Round: 8, Step 0
G_mean: 0.8678: 0.4538,6.1277,62,424,46,6,86,0.9119,0.0494
G_mean: 0.7813: 0.7569,14.0082,17,103,90,6,54,0.4494,0.0709
G_mean: 0.9128: 0.9082,14.8982,117,336,43,9,6,0.4939,0.0992
G_mean: 0.0000: 0.5975,1.7402,243,415,74,6,67,0.666,0.0355
G_mean: 0.8612: 0.2504,4.0363,76,424,99,6,21,0.0294,0.0209
G_mean: 0.8832: 0.8093,8.9065,191,332,53,3,91,0.6537,0.0891
G_mean: 0.5517: 0.7616,1.5913,172,55,40,4,79,0.0202,0.0065
G_mean: 0.4404: 0.8131,10.8043,155,61,97,4,94,0.4692,0.084
G_mean: 0.6317: 0.1954,6.5336,25,59,74,7,64,0.1276,0.0572
G_mean: 0.7790: 0.4985,9.7711,167,126,86,10,44,0.6732,0.0583
G_mean: 0.3401: 0.5511,9.5557,190,413,89,8,61,0.9285,0.0964
G_mean: 0.9065: 0.6484,11.8169,135,374,79,2,43,0.0364,0.0114
G_mean: 0.0000: 0.8222,11.1854,211,40,36,9,22,0.1323,0.094
G_mean: 0.4633: 0.1419,16.7856,267,110,72,8,62,0.8631,0.0658
G_mean: 0.8432: 0.397,4.3091,292,254,87,2,68,0.038,0.0038
G_mean: 0.7859: 0.9958,5.9416,258,150,45,10,34,0.2032,0.0089
G_mean: 0.8962: 0.4414,9.2524,32,362,25,4,37,0.6848,0.0309
G_mean: 0.0000: 0.6759,19.0275,42,16,92,8,47,0.2766,0.0667
G_mean: 0.9015: 0.8563,4.5528,37,367,66,5,3,0.2733,0.0439
G_mean: 0.8232: 0.8748,10.0789,180,202,15,9,19,0.0696,0.0455
G_mean: 0.8777: 0.0278,5.4542,73,355,88,9,28,0.0863,0.0276
G_mean: 0.8758: 0.6055,14.4859,43,289,62,7,91,0.1714,0.0966
G_mean: 0.9193: 0.274,13.1268,185,341,25,3,92,0.4792,0.0839
G_mean: 0.6690: 0.4582,16.3063,132,95,63,9,77,0.1333,0.0613
G_mean: 0.7381: 0.2367,5.2434,290,150,43,6,27,0.8137,0.0621
G_mean: 0.7108: 0.4849,1.8259,131,172,85,2,84,0.718,0.0871
G_mean: 0.8873: 0.404,10.8068,274,437,4,6,86,0.5707,0.0339
G_mean: 0.8074: 0.8286,10.1445,137,239,58,3,32,0.755,0.0569
G_mean: 0.7649: 0.4576,16.8232,52,165,78,3,39,0.463,0.0515
G_mean: 0.8976: 0.4416,16.3867,105,329,59,3,15,0.6151,0.0794
G_mean: 0.7755: 0.6495,3.895,119,403,14,8,45,0.9044,0.0181
G_mean: 0.0000: 0.903,14.3158,141,106,2,10,12,0.7256,0.0184
G_mean: 0.8320: 0.2916,1.9027,96,471,82,10,26,0.6098,0.0066
G_mean: 0.8395: 0.484,6.6447,51,366,74,8,12,0.0161,0.0592
G_mean: 0.9053: 0.6547,1.8102,268,331,85,4,83,0.8356,0.0491
G_mean: 0.3455: 0.5444,14.8491,253,138,86,4,84,0.7254,0.0348
G_mean: 0.0000: 0.9958,13.7769,233,46,12,9,68,0.2418,0.0111
G_mean: 0.1255: 0.6842,13.8624,288,144,70,6,52,0.3236,0.0781
G_mean: 0.1823: 0.8382,12.2285,138,97,28,8,68,0.8815,0.0636
G_mean: 0.7531: 0.3036,15.4137,119,188,59,4,78,0.3581,0.0062
G_mean: 0.0000: 0.4223,8.6768,259,397,81,1,94,0.686,0.0981
G_mean: 0.8017: 0.7178,9.8983,256,214,77,6,82,0.7938,0.0458
G_mean: 0.8372: 0.2589,7.7068,239,302,36,1,65,0.3989,0.0774
G_mean: 0.8690: 0.3136,10.8537,246,458,33,4,53,0.6106,0.0452
G_mean: 0.8040: 0.0707,2.6041,245,196,93,6,73,0.6286,0.0161
G_mean: 0.8219: 0.8025,10.3384,241,138,37,1,65,0.3835,0.0722
G_mean: 0.0000: 0.4934,14.1715,144,115,90,8,26,0.9059,0.0836
G_mean: 0.8870: 0.0055,15.3152,117,437,69,3,92,0.359,0.0283
G_mean: 0.9104: 0.8739,8.4555,88,352,45,3,99,0.6739,0.0794
G_mean: 0.8802: 0.1339,7.098,97,425,33,8,57,0.6527,0.0102
G_mean: 0.7787: 0.4538,6.1277,62,378,46,2,86,0.9119,0.0494
G_mean: 0.5996: 0.7569,14.0082,17,176,90,6,54,0.4494,0.0709
G_mean: 0.8250: 0.9082,3.2447,117,229,54,9,6,0.3381,0.0992
G_mean: 0.8209: 0.5975,1.7402,243,415,74,6,67,0.666,0.0355
G_mean: 0.6546: 0.2504,4.0363,30,169,99,6,21,0.3687,0.0209
G_mean: 0.4216: 0.8093,8.9065,191,363,53,3,91,0.3508,0.0891
G_mean: 0.9228: 0.0652,8.2848,172,338,40,4,79,0.0202,0.0065
G_mean: 0.4180: 0.9831,10.3832,155,61,97,4,94,0.4692,0.084
G_mean: 0.6433: 0.1954,6.5336,173,59,31,7,64,0.1276,0.0572
G_mean: 0.5533: 0.4985,9.7711,167,126,75,10,44,0.6732,0.0583
G_mean: 0.1687: 0.5511,9.5557,190,413,89,8,61,0.7757,0.0964
G_mean: 0.8396: 0.6484,11.8169,217,374,79,2,43,0.0364,0.0726
G_mean: 0.4329: 0.1485,11.1854,211,93,36,9,94,0.1323,0.094
G_mean: 0.2802: 0.1419,16.7856,267,149,72,8,62,0.8631,0.0893
G_mean: 0.8264: 0.9711,4.3091,292,187,87,2,68,0.038,0.0038
G_mean: 0.7370: 0.4292,5.9416,296,150,45,5,34,0.7751,0.0124
G_mean: 0.8654: 0.4414,1.5728,88,362,60,4,37,0.6848,0.0309
G_mean: 0.4827: 0.7595,19.0275,42,16,39,8,47,0.2766,0.0667
G_mean: 0.8442: 0.9033,4.5528,37,367,18,5,3,0.2733,0.0467
G_mean: 0.5738: 0.5771,10.0789,180,202,15,9,19,0.0696,0.0455
G_mean: 0.8802: 0.0278,5.4542,73,355,88,9,92,0.0863,0.0276
G_mean: 0.8503: 0.6055,14.4859,43,289,73,6,91,0.1714,0.0966
G_mean: 0.8777: 0.274,13.1268,59,341,25,3,92,0.4792,0.0585
G_mean: 0.8860: 0.4582,16.3063,132,354,63,9,77,0.1333,0.0613
G_mean: 0.7423: 0.2367,5.2434,290,150,43,6,51,0.8137,0.0529
G_mean: 0.8671: 0.4849,1.8259,131,260,28,2,84,0.718,0.0542
G_mean: 0.7809: 0.404,10.8068,274,437,4,7,86,0.5707,0.0339
G_mean: 0.7809: 0.651,10.1445,137,239,58,3,32,0.755,0.0923
G_mean: 0.8573: 0.6313,16.8232,189,165,70,3,39,0.463,0.0515
G_mean: 0.8407: 0.6673,16.3867,105,329,59,3,15,0.6151,0.0794
G_mean: 0.8622: 0.6495,3.1117,119,342,14,3,45,0.9044,0.0181
G_mean: 0.0000: 0.1955,14.3158,182,106,2,10,12,0.7256,0.0184
G_mean: 0.8832: 0.2916,5.8549,96,471,86,5,26,0.6098,0.0066
G_mean: 0.3039: 0.9146,6.6447,170,366,53,8,69,0.0161,0.0801
G_mean: 0.8600: 0.6547,1.8102,268,331,38,4,83,0.8356,0.0491
G_mean: 0.7595: 0.5444,16.8398,253,138,86,7,19,0.4162,0.0348
G_mean: 0.9122: 0.9958,13.8469,233,356,69,9,68,0.2418,0.0111
G_mean: 0.0000: 0.6842,6.8122,288,144,65,6,57,0.257,0.0781
G_mean: 0.5409: 0.8382,3.9376,170,97,28,9,68,0.2445,0.0636
G_mean: 0.8742: 0.3036,18.4297,119,363,51,4,78,0.3581,0.0062
G_mean: 0.9248: 0.4223,8.6768,259,397,81,1,94,0.686,0.0981
G_mean: 0.0000: 0.7178,2.0181,256,351,65,10,82,0.7938,0.0443
G_mean: 0.9000: 0.8319,7.7068,239,302,36,8,65,0.3989,0.0774
G_mean: 0.4738: 0.6819,10.8537,246,158,33,4,2,0.6106,0.0452
G_mean: 0.8006: 0.8475,2.6041,245,196,93,5,25,0.6286,0.0161
G_mean: 0.6605: 0.5595,10.3384,215,138,37,8,65,0.2628,0.0969
G_mean: 0.7825: 0.4934,14.1715,250,115,90,4,55,0.4484,0.045
G_mean: 0.7928: 0.0055,15.3152,117,163,69,3,92,0.359,0.0283
G_mean: 0.4413: 0.8739,8.4555,260,132,45,3,7,0.6739,0.0794
G_mean: 0.8886: 0.7637,7.098,97,425,44,6,75,0.6527,0.0102
Step: 0, max G_mean: 0.9247965283155698, hyperparameter: [0.4223132700517064, 8.67680225130117, 259.3393980739138, 396.96840535742376, 80.99641234277217, 1.219638517125261, 93.86246648969849, 0.6859510380563992, 0.0981085471095385]
Round: 8, Step 1
G_mean: 0.8419: 0.4538,6.1277,62,359,46,2,86,0.9119,0.0494
G_mean: 0.0000: 0.4856,14.8982,117,336,43,9,6,0.4939,0.0992
G_mean: 0.8552: 0.2504,5.7082,76,424,99,6,21,0.0294,0.0483
G_mean: 0.8018: 0.8093,8.9065,191,332,3,5,71,0.6537,0.0891
G_mean: 0.8671: 0.0652,8.2848,167,322,47,4,79,0.4915,0.0065
G_mean: 0.8622: 0.7517,11.8169,135,374,79,4,43,0.0364,0.0358
G_mean: 0.8504: 0.2702,14.3423,292,254,87,9,87,0.038,0.0038
G_mean: 0.7881: 0.8938,9.2524,32,304,25,4,37,0.6848,0.0309
G_mean: 0.8492: 0.8563,4.5528,37,367,66,5,15,0.2733,0.0439
G_mean: 0.6688: 0.8748,10.0789,180,202,83,9,35,0.0696,0.0455
G_mean: 0.9307: 0.0278,5.4542,147,355,88,9,92,0.3825,0.0276
G_mean: 0.8585: 0.6055,14.4859,43,289,68,7,66,0.1714,0.0966
G_mean: 0.6812: 0.274,13.1268,273,341,25,4,92,0.4792,0.0839
G_mean: 0.9040: 0.0631,12.8041,132,354,63,9,49,0.5292,0.0613
G_mean: 0.8678: 0.2318,1.8259,131,260,96,2,84,0.0146,0.0542
G_mean: 0.8949: 0.404,10.8068,274,437,54,6,86,0.5707,0.0339
G_mean: 0.9065: 0.6313,16.8232,189,346,71,3,97,0.5601,0.0515
G_mean: 0.8528: 0.4416,16.3867,90,329,59,4,15,0.1854,0.0794
G_mean: 0.7158: 0.6495,3.1117,158,342,14,3,45,0.9044,0.0793
G_mean: 0.8765: 0.2916,5.8549,96,471,86,1,26,0.6271,0.0777
G_mean: 0.8628: 0.3946,6.6447,192,255,74,8,22,0.0161,0.0592
G_mean: 0.8834: 0.6547,6.6498,220,331,85,3,70,0.8873,0.0622
G_mean: 0.8588: 0.9958,13.8469,217,498,69,9,68,0.4472,0.0111
G_mean: 0.9104: 0.0665,16.162,119,363,51,4,85,0.3581,0.0062
G_mean: 0.9013: 0.4223,8.6768,259,288,81,1,94,0.0434,0.0981
G_mean: 0.3251: 0.5026,7.7068,239,330,36,8,65,0.3989,0.0774
G_mean: 0.3310: 0.3136,10.8537,246,458,82,4,53,0.2295,0.0452
G_mean: 0.9180: 0.0055,15.3152,117,354,69,8,46,0.359,0.0283
G_mean: 0.9130: 0.8929,8.4555,88,352,45,7,99,0.6739,0.0592
G_mean: 0.8989: 0.525,7.098,97,425,44,6,75,0.419,0.0102
Step: 1, max G_mean: 0.9307267601319856, hyperparameter: [0.027766044241629873, 5.454175037443409, 147.28990286636235, 355.2518527739373, 88.1196195374918, 8.665060309111219, 92.20850595425793, 0.3825285766733498, 0.027578009875057985]
Round: 8, Step 2
G_mean: 0.8395: 0.9082,4.8966,117,336,43,9,6,0.4939,0.0992
G_mean: 0.9002: 0.0652,8.2848,172,338,40,4,79,0.0202,0.0065
G_mean: 0.9294: 0.6178,8.2193,135,374,79,2,43,0.7063,0.0114
G_mean: 0.8882: 0.4414,9.2524,32,362,25,4,37,0.6848,0.0539
G_mean: 0.8468: 0.0885,4.5528,130,300,100,5,37,0.4214,0.0439
G_mean: 0.8528: 0.5523,5.4542,41,355,21,9,38,0.3825,0.0276
G_mean: 0.8180: 0.274,4.0403,185,430,25,3,92,0.7708,0.0839
G_mean: 0.9013: 0.0631,12.8041,132,354,63,9,49,0.5292,0.0063
G_mean: 0.8832: 0.404,10.8068,274,437,54,6,52,0.5707,0.0339
G_mean: 0.8857: 0.6313,16.8232,132,391,58,3,97,0.5601,0.0515
G_mean: 0.8752: 0.4978,8.5046,70,329,59,7,15,0.3592,0.0794
G_mean: 0.9078: 0.2916,5.8549,96,439,86,5,74,0.4519,0.0224
G_mean: 0.8870: 0.6547,1.8102,268,385,83,4,83,0.8367,0.0491
G_mean: 0.8757: 0.9958,18.1333,233,356,69,9,68,0.2418,0.0111
G_mean: 0.8895: 0.0665,16.162,119,363,52,4,85,0.3581,0.0062
G_mean: 0.9241: 0.4223,8.6768,124,351,53,1,94,0.686,0.0981
G_mean: 0.8963: 0.3085,7.7068,239,302,36,6,65,0.3989,0.0774
G_mean: 0.8857: 0.0055,15.3152,126,354,53,8,46,0.359,0.0283
G_mean: 0.8407: 0.3963,8.4555,88,292,45,7,99,0.4811,0.0354
G_mean: 0.9002: 0.525,7.098,97,425,34,7,75,0.3934,0.0102
Step: 2, max G_mean: 0.9307267601319856, hyperparameter: [0.027766044241629873, 5.454175037443409, 147.28990286636235, 355.2518527739373, 88.1196195374918, 8.665060309111219, 92.20850595425793, 0.3825285766733498, 0.027578009875057985]
Round: 8, Step 3
G_mean: 0.9117: 0.7633,9.957,117,336,43,8,6,0.4939,0.0628
G_mean: 0.9002: 0.0652,8.2848,160,374,74,4,79,0.0202,0.0065
G_mean: 0.9104: 0.6178,8.2193,135,348,50,2,43,0.7063,0.0114
G_mean: 0.9053: 0.9208,5.4542,147,355,88,9,95,0.3825,0.049
G_mean: 0.9202: 0.2404,13.1268,185,341,25,3,83,0.4792,0.0839
G_mean: 0.3268: 0.4621,13.8469,233,356,51,9,82,0.2418,0.0523
G_mean: 0.8600: 0.0665,16.162,119,363,56,4,85,0.3581,0.0062
G_mean: 0.1242: 0.4223,8.6768,259,397,56,10,94,0.686,0.0981
G_mean: 0.9027: 0.0055,15.3152,117,393,84,2,46,0.5881,0.0844
G_mean: 0.9040: 0.8929,8.4555,88,381,69,7,99,0.6739,0.0592
Step: 3, max G_mean: 0.9307267601319856, hyperparameter: [0.027766044241629873, 5.454175037443409, 147.28990286636235, 355.2518527739373, 88.1196195374918, 8.665060309111219, 92.20850595425793, 0.3825285766733498, 0.027578009875057985]
computational time: 2.2041016283333335 h
