Round: 1, Step 0
G_mean: 0.8924: 0.1799,17.0439,141,307,86,9,49,0.7569,0.0688
G_mean: 0.4910: 0.0252,4.5907,269,259,54,5,71,0.9082,0.0734
G_mean: 0.9154: 0.3703,13.6513,133,464,6,5,99,0.5975,0.0049
G_mean: 0.6209: 0.8025,16.7103,224,284,67,7,36,0.2504,0.0168
G_mean: 0.8987: 0.2289,17.0535,298,278,21,1,21,0.8093,0.0422
G_mean: 0.1287: 0.6226,13.498,162,97,91,7,89,0.7616,0.0041
G_mean: 0.0000: 0.5574,2.7299,126,163,79,1,6,0.8131,0.0521
G_mean: 0.6688: 0.5016,2.9712,292,165,94,5,84,0.1954,0.0298
G_mean: 0.9143: 0.0531,2.9126,224,337,64,2,57,0.4985,0.0467
G_mean: 0.8683: 0.5429,5.4909,258,492,44,7,58,0.5511,0.0456
G_mean: 0.1487: 0.6218,16.6231,269,398,61,9,96,0.6484,0.0574
G_mean: 0.0000: 0.4323,15.1131,240,59,43,1,11,0.8222,0.0541
G_mean: 0.9040: 0.6927,2.1684,112,430,22,2,94,0.1419,0.0833
G_mean: 0.9027: 0.8849,4.8946,217,417,62,9,66,0.397,0.0182
G_mean: 0.0000: 0.972,10.4539,261,73,68,1,4,0.9958,0.0267
G_mean: 0.7036: 0.8564,6.4099,138,491,34,3,9,0.4414,0.044
G_mean: 0.8239: 0.0766,14.6377,82,149,37,7,31,0.6759,0.0949
G_mean: 0.8255: 0.1088,1.231,278,417,47,3,67,0.8563,0.0195
G_mean: 0.4794: 0.0934,14.8378,201,249,3,3,44,0.8748,0.0483
G_mean: 0.9255: 0.5875,8.4551,51,423,19,2,45,0.0278,0.0242
G_mean: 0.8765: 0.2177,14.3873,265,427,28,2,28,0.6055,0.0713
G_mean: 0.8949: 0.113,11.8054,189,324,91,3,97,0.274,0.0642
G_mean: 0.7796: 0.6024,13.8327,81,120,92,5,84,0.4582,0.0808
G_mean: 0.8407: 0.4211,4.2971,192,458,77,2,61,0.2367,0.0231
G_mean: 0.8175: 0.9648,6.4282,132,267,27,8,62,0.4849,0.0053
G_mean: 0.3307: 0.4162,7.2887,257,55,84,7,87,0.404,0.0521
G_mean: 0.6528: 0.9093,17.5397,18,295,86,6,34,0.8286,0.0486
G_mean: 0.5470: 0.4393,9.8848,177,96,32,8,57,0.4576,0.0834
G_mean: 0.6708: 0.1434,6.9981,236,112,39,5,51,0.4416,0.0812
G_mean: 0.7237: 0.3274,13.3776,181,113,15,7,79,0.6495,0.0161
G_mean: 0.5425: 0.3768,16.2408,49,376,45,9,18,0.903,0.0704
G_mean: 0.8600: 0.4517,4.7263,13,498,12,8,18,0.2916,0.0057
G_mean: 0.9078: 0.2978,18.8787,246,492,26,6,7,0.484,0.0304
G_mean: 0.4334: 0.1399,14.8168,225,381,12,1,59,0.6547,0.0052
G_mean: 0.2351: 0.8884,13.4334,255,188,83,9,49,0.5444,0.0732
G_mean: 0.0000: 0.8389,5.9532,259,165,84,8,35,0.9958,0.0676
G_mean: 0.4642: 0.7689,2.388,43,450,68,3,11,0.6842,0.068
G_mean: 0.8262: 0.9591,6.177,211,261,52,4,78,0.8382,0.0595
G_mean: 0.9189: 0.4429,4.364,88,398,68,9,64,0.3036,0.0761
G_mean: 0.4777: 0.3754,7.9147,180,146,78,4,6,0.4223,0.041
G_mean: 0.4334: 0.8598,16.0049,244,22,94,7,98,0.7178,0.0474
G_mean: 0.3657: 0.8499,8.9246,232,299,82,8,46,0.2589,0.0359
G_mean: 0.3975: 0.7892,12.3075,113,24,65,5,77,0.3136,0.0523
G_mean: 0.5842: 0.8122,18.3539,104,176,53,6,45,0.0707,0.0094
G_mean: 0.6383: 0.8116,8.1965,279,279,73,7,16,0.8025,0.0497
G_mean: 0.0000: 0.7959,5.9815,114,17,65,4,72,0.4934,0.0696
G_mean: 0.8870: 0.4614,5.0713,272,372,26,9,84,0.0055,0.0756
G_mean: 0.6679: 0.3684,17.5671,208,138,92,4,28,0.8739,0.0398
G_mean: 0.5850: 0.2677,14.2562,140,113,99,7,79,0.1339,0.0328
G_mean: 0.8820: 0.3008,17.1034,103,380,57,7,10,0.568,0.0289
G_mean: 0.8511: 0.1799,17.0439,141,307,86,9,49,0.7569,0.0209
G_mean: 0.6537: 0.0252,13.255,201,259,54,4,25,0.9082,0.0734
G_mean: 0.8695: 0.8031,13.6513,53,464,6,3,99,0.4836,0.0124
G_mean: 0.8219: 0.8025,16.7103,224,284,67,7,36,0.2504,0.0168
G_mean: 0.8299: 0.2289,17.0535,298,278,21,3,21,0.5125,0.0411
G_mean: 0.2582: 0.4715,13.498,162,244,28,7,89,0.7616,0.0041
G_mean: 0.6669: 0.0592,2.7299,126,163,92,1,6,0.3359,0.0521
G_mean: 0.0000: 0.5016,3.2695,292,165,39,5,84,0.1954,0.0298
G_mean: 0.4077: 0.7779,2.1103,224,337,12,2,6,0.4985,0.0467
G_mean: 0.7471: 0.7184,5.4909,170,218,44,7,69,0.5511,0.0456
G_mean: 0.8514: 0.8207,9.6001,187,148,61,9,96,0.7579,0.0574
G_mean: 0.5675: 0.4323,15.1131,240,59,43,1,97,0.5586,0.0541
G_mean: 0.9315: 0.6927,6.1538,112,430,59,2,94,0.1419,0.0848
G_mean: 0.6047: 0.1322,13.8551,217,417,62,7,14,0.8898,0.0182
G_mean: 0.8961: 0.5183,8.2165,137,496,68,1,38,0.6732,0.0267
G_mean: 0.8695: 0.8564,6.4099,138,491,34,5,9,0.4414,0.044
G_mean: 0.1462: 0.0766,13.8114,82,38,37,10,31,0.7703,0.0949
G_mean: 0.8180: 0.1088,4.1941,210,197,47,3,67,0.3309,0.0195
G_mean: 0.0000: 0.0934,14.8378,201,249,8,2,44,0.8748,0.0483
G_mean: 0.8974: 0.5875,8.4551,51,423,19,8,45,0.0439,0.0242
G_mean: 0.8832: 0.2177,14.0578,265,427,52,2,28,0.6055,0.0713
G_mean: 0.7606: 0.0888,11.8054,189,356,91,3,32,0.274,0.0642
G_mean: 0.5988: 0.5314,15.0094,277,120,92,5,84,0.804,0.0808
G_mean: 0.9091: 0.8834,4.2971,192,458,77,2,38,0.2367,0.0231
G_mean: 0.8528: 0.9648,6.4282,132,267,27,8,51,0.4849,0.0053
G_mean: 0.0000: 0.4162,7.2887,135,55,84,6,87,0.404,0.0521
G_mean: 0.6596: 0.4538,17.5397,281,295,4,6,34,0.8286,0.0486
G_mean: 0.6473: 0.4393,7.0206,177,96,32,8,57,0.4576,0.0469
G_mean: 0.2214: 0.1735,6.9981,236,212,39,5,51,0.4416,0.0812
G_mean: 0.7997: 0.3274,13.3776,181,113,15,7,66,0.6495,0.0552
G_mean: 0.8408: 0.3768,16.2408,49,376,57,9,18,0.542,0.0704
G_mean: 0.8870: 0.4517,4.7263,13,498,12,8,18,0.2916,0.0473
G_mean: 0.7201: 0.2978,6.918,246,195,26,6,7,0.484,0.0304
G_mean: 0.8814: 0.1399,6.6634,225,381,12,3,59,0.2529,0.0052
G_mean: 0.8117: 0.8884,13.4334,123,188,83,9,49,0.5444,0.0732
G_mean: 0.0000: 0.8389,5.9532,185,106,70,8,49,0.9958,0.0676
G_mean: 0.8950: 0.5928,1.9562,106,450,68,6,11,0.6842,0.068
G_mean: 0.1813: 0.7378,13.5455,211,83,62,9,78,0.7168,0.0595
G_mean: 0.9065: 0.4429,4.364,88,398,68,9,96,0.3036,0.0783
G_mean: 0.4246: 0.3754,7.9147,180,146,78,4,80,0.4223,0.041
G_mean: 0.3473: 0.6434,9.9885,244,22,94,7,41,0.7178,0.0474
G_mean: 0.8309: 0.8499,8.9246,232,299,82,8,46,0.7991,0.0359
G_mean: 0.3946: 0.7892,16.4498,107,24,65,5,77,0.3136,0.0523
G_mean: 0.8132: 0.8122,13.1196,191,176,53,4,45,0.0707,0.055
G_mean: 0.8145: 0.1055,12.4544,279,279,92,7,21,0.2961,0.0497
G_mean: 0.2847: 0.6873,17.1906,225,17,65,9,29,0.1928,0.0696
G_mean: 0.0000: 0.4614,10.7746,272,197,26,3,84,0.0055,0.0756
G_mean: 0.8456: 0.3684,17.5671,237,456,92,4,28,0.8739,0.0398
G_mean: 0.7323: 0.2677,14.2562,140,218,99,7,79,0.0807,0.0328
G_mean: 0.8829: 0.3008,17.1034,170,380,57,7,10,0.568,0.0289
Step: 0, max G_mean: 0.9314931873132781, hyperparameter: [0.6927450761411468, 6.1537863034575295, 112.39206172812519, 430.06561839470646, 58.59452046741984, 2.190682093367343, 94.02321968464753, 0.1418605556966449, 0.08480890867592372]
Round: 1, Step 1
G_mean: 0.8707: 0.1799,2.1286,141,307,86,9,49,0.7569,0.0644
G_mean: 0.5226: 0.3703,13.6513,133,464,6,5,58,0.5975,0.0049
G_mean: 0.8634: 0.8538,5.5727,224,284,67,7,36,0.2504,0.0551
G_mean: 0.7772: 0.2289,17.0535,298,278,21,9,21,0.8093,0.0422
G_mean: 0.8996: 0.0531,16.5315,224,337,64,2,57,0.4985,0.0854
G_mean: 0.8956: 0.8782,6.1634,258,492,44,7,47,0.5511,0.0456
G_mean: 0.7925: 0.8207,9.6001,60,148,41,9,96,0.7579,0.0574
G_mean: 0.8456: 0.6927,6.1538,125,430,77,2,11,0.1419,0.0848
G_mean: 0.8671: 0.8849,8.6504,275,417,62,9,66,0.5472,0.0182
G_mean: 0.8436: 0.5183,8.2165,137,396,68,1,38,0.6732,0.0267
G_mean: 0.9091: 0.1725,6.4099,177,395,73,5,9,0.2363,0.0674
G_mean: 0.6401: 0.0766,14.6377,243,149,37,4,31,0.6759,0.0949
G_mean: 0.7914: 0.1088,1.231,278,356,47,3,25,0.8563,0.0195
G_mean: 0.9156: 0.9395,8.4551,51,423,19,2,77,0.0278,0.0242
G_mean: 0.8789: 0.2177,14.0578,265,427,47,2,28,0.6055,0.0328
G_mean: 0.0903: 0.113,19.4261,189,144,91,10,78,0.274,0.0642
G_mean: 0.6587: 0.8834,9.6139,192,196,77,2,38,0.2367,0.0432
G_mean: 0.8180: 0.7181,3.864,132,267,27,8,51,0.4849,0.0641
G_mean: 0.9065: 0.9052,1.7665,49,376,57,9,18,0.6058,0.0704
G_mean: 0.9154: 0.1927,4.7263,32,361,12,8,66,0.0594,0.0473
G_mean: 0.8464: 0.7581,18.8787,53,257,26,6,7,0.6886,0.0304
G_mean: 0.8627: 0.1399,15.0116,225,381,12,3,59,0.6391,0.0052
G_mean: 0.9040: 0.5928,1.9562,106,450,75,5,11,0.6842,0.068
G_mean: 0.7328: 0.9591,14.25,211,217,52,4,26,0.8382,0.0595
G_mean: 0.5107: 0.4429,4.364,252,398,68,9,64,0.5683,0.0631
G_mean: 0.6933: 0.7104,8.9246,250,299,58,9,46,0.9194,0.0359
G_mean: 0.3877: 0.1714,12.4544,213,453,92,7,21,0.8814,0.0497
G_mean: 0.1208: 0.4614,5.0713,272,372,82,9,84,0.5888,0.0437
G_mean: 0.7577: 0.3684,17.5671,237,456,92,4,28,0.9632,0.0398
G_mean: 0.7486: 0.6341,17.1034,236,380,57,6,10,0.6534,0.0289
Step: 1, max G_mean: 0.9314931873132781, hyperparameter: [0.6927450761411468, 6.1537863034575295, 112.39206172812519, 430.06561839470646, 58.59452046741984, 2.190682093367343, 94.02321968464753, 0.1418605556966449, 0.08480890867592372]
Round: 1, Step 2
G_mean: 0.8221: 0.1799,17.0439,141,307,86,9,49,0.5421,0.0172
G_mean: 0.9053: 0.3703,13.6513,133,376,6,6,99,0.5975,0.0049
G_mean: 0.8969: 0.2289,17.0535,298,464,21,1,61,0.2543,0.0422
G_mean: 0.9281: 0.3789,10.049,192,337,83,5,57,0.4116,0.0467
G_mean: 0.8937: 0.2244,6.1634,55,492,62,7,47,0.5511,0.0783
G_mean: 0.3406: 0.6927,14.8296,112,430,59,2,94,0.1419,0.0848
G_mean: 0.8343: 0.8849,4.8946,217,417,62,9,72,0.397,0.0182
G_mean: 0.9030: 0.5183,8.2165,137,496,57,1,38,0.6732,0.0267
G_mean: 0.9078: 0.9952,1.2248,81,395,73,5,9,0.4768,0.0698
G_mean: 0.8695: 0.5876,8.4551,51,419,19,4,45,0.0278,0.0242
G_mean: 0.9117: 0.2177,12.3314,265,427,29,7,42,0.6055,0.0713
G_mean: 0.8948: 0.113,14.364,120,324,91,9,97,0.274,0.0495
G_mean: 0.9001: 0.8834,4.2971,192,458,77,2,38,0.2367,0.0231
G_mean: 0.3145: 0.9052,1.7665,188,376,57,9,18,0.6058,0.0704
G_mean: 0.9167: 0.3109,4.4108,67,361,12,8,66,0.4789,0.0473
G_mean: 0.9104: 0.2978,18.8787,246,362,26,6,7,0.484,0.0304
G_mean: 0.7088: 0.7593,1.9562,178,450,75,5,11,0.3743,0.068
G_mean: 0.6973: 0.4429,16.6169,88,398,68,8,61,0.3036,0.0761
G_mean: 0.8630: 0.4614,5.0713,191,445,26,8,84,0.0055,0.0756
G_mean: 0.8029: 0.1319,17.1034,170,366,57,7,10,0.568,0.0289
Step: 2, max G_mean: 0.9314931873132781, hyperparameter: [0.6927450761411468, 6.1537863034575295, 112.39206172812519, 430.06561839470646, 58.59452046741984, 2.190682093367343, 94.02321968464753, 0.1418605556966449, 0.08480890867592372]
computational time: 1.9803857633333335 h
