Round: 3, Step 0
G_mean: 0.0000: 0.8655,14.019,158,2423,59,3,47,0.792,0.0176
G_mean: 0.7071: 0.1307,15.1888,34,2451,31,7,12,0.6571,0.0949
G_mean: 0.0000: 0.5043,17.2626,69,1446,5,9,87,0.2269,0.0709
G_mean: 0.3397: 0.4115,7.4773,213,1106,69,7,72,0.7744,0.0055
G_mean: 0.6391: 0.5004,14.4608,243,1211,57,9,20,0.2401,0.0028
G_mean: 0.0000: 0.3611,5.416,58,533,60,8,43,0.4618,0.0379
G_mean: 0.6814: 0.2907,16.9945,11,1178,40,9,3,0.1853,0.0401
G_mean: 0.9293: 0.69,5.0672,72,2151,9,5,58,0.66,0.0039
G_mean: 0.6088: 0.204,15.9367,178,543,33,1,89,0.8294,0.0472
G_mean: 0.0000: 0.1033,12.759,148,2306,61,4,43,0.0172,0.0636
G_mean: 0.6355: 0.1907,4.7389,105,915,71,3,69,0.0132,0.0848
G_mean: 0.3693: 0.175,1.8885,17,2324,53,8,59,0.9312,0.077
G_mean: 0.0000: 0.0292,11.7598,273,381,64,9,36,0.1363,0.0985
G_mean: 0.0000: 0.9687,17.6585,123,2100,99,5,94,0.5655,0.0806
G_mean: 0.0000: 0.6407,8.3217,106,338,6,10,10,0.4315,0.0171
G_mean: 0.0000: 0.6776,19.9778,166,1796,22,8,58,0.8978,0.0383
G_mean: 0.8975: 0.9728,4.3128,13,2175,77,7,61,0.3885,0.082
G_mean: 0.0000: 0.7002,3.1915,237,1605,69,6,45,0.6549,0.0873
G_mean: 0.0000: 0.7215,1.8894,15,20,28,4,66,0.9447,0.076
G_mean: 0.3592: 0.3591,16.823,123,2147,56,9,64,0.7054,0.0822
G_mean: 0.0000: 0.6312,10.823,89,1513,2,8,97,0.42,0.0762
G_mean: 0.6664: 0.6329,10.63,192,969,46,7,74,0.9681,0.0204
G_mean: 0.7628: 0.997,14.0957,241,1897,89,1,81,0.2834,0.0535
G_mean: 0.0000: 0.2186,12.6302,259,1655,11,8,5,0.5005,0.0313
G_mean: 0.0000: 0.7244,3.9346,261,639,29,8,7,0.8111,0.0495
G_mean: 0.4097: 0.9925,4.7412,124,1840,96,2,72,0.071,0.0911
G_mean: 0.5619: 0.7296,15.456,38,952,20,3,84,0.6558,0.087
G_mean: 0.0000: 0.7867,16.51,273,2545,41,4,40,0.7986,0.0923
G_mean: 0.6677: 0.2312,15.998,32,1796,85,1,67,0.2312,0.0839
G_mean: 0.2116: 0.155,6.1557,183,1519,23,9,7,0.7948,0.0723
G_mean: 0.0000: 0.087,1.0695,194,130,92,4,80,0.4327,0.0982
G_mean: 0.3679: 0.0319,18.2624,198,139,39,9,28,0.1679,0.0829
G_mean: 0.0000: 0.0571,16.2567,27,442,21,5,78,0.6252,0.0118
G_mean: 0.0000: 0.9413,13.639,203,1303,40,6,39,0.3085,0.0692
G_mean: 0.0000: 0.961,1.6353,265,2352,14,4,48,0.7498,0.0201
G_mean: 0.2132: 0.3675,10.5618,25,1504,73,5,83,0.825,0.0129
G_mean: 0.0000: 0.5062,1.2647,84,610,52,6,69,0.6475,0.0989
G_mean: 0.3003: 0.6073,10.5398,159,1407,76,4,29,0.752,0.0469
G_mean: 0.0000: 0.0902,8.9022,112,1662,41,9,3,0.4596,0.051
G_mean: 0.2980: 0.6748,15.0466,143,169,84,9,40,0.7562,0.0361
G_mean: 0.2132: 0.1654,16.767,134,2021,8,7,20,0.5543,0.0858
G_mean: 0.9387: 0.8087,16.4545,17,2331,82,6,49,0.0682,0.0605
G_mean: 0.0000: 0.8063,8.5412,264,2628,76,2,90,0.2219,0.0108
G_mean: 0.5222: 0.1158,6.3052,35,664,44,5,34,0.2762,0.0241
G_mean: 0.6742: 0.3672,17.4493,123,1132,14,7,76,0.6651,0.0317
G_mean: 0.0000: 0.2646,12.2673,236,2504,71,9,21,0.6385,0.072
G_mean: 0.0000: 0.5581,10.7238,234,2304,20,10,12,0.3527,0.0988
G_mean: 0.0000: 0.8114,5.463,238,2202,73,8,77,0.8735,0.0127
G_mean: 0.3015: 0.3869,17.2847,187,1912,72,2,56,0.6813,0.0537
G_mean: 0.4248: 0.7125,14.019,158,1442,50,4,47,0.792,0.0176
G_mean: 0.0000: 0.4138,15.1888,34,2267,31,8,50,0.9084,0.0949
G_mean: 0.0000: 0.5043,17.2626,69,1446,5,9,87,0.2269,0.0709
G_mean: 0.1564: 0.4115,7.4773,213,1970,69,8,72,0.7744,0.0055
G_mean: 0.5748: 0.5004,14.4608,243,1211,57,9,20,0.2401,0.0028
G_mean: 0.1212: 0.3644,5.416,58,1291,60,9,53,0.4618,0.0974
G_mean: 0.7854: 0.2907,3.4192,11,1178,40,9,3,0.1853,0.0401
G_mean: 0.8528: 0.69,5.0672,72,2151,58,10,17,0.66,0.0327
G_mean: 0.0000: 0.204,15.9367,191,543,33,1,64,0.8294,0.0472
G_mean: 0.0000: 0.1033,12.759,148,2306,61,5,11,0.0172,0.0636
G_mean: 0.6145: 0.1907,8.3598,105,1872,24,3,69,0.0132,0.0562
G_mean: 0.2132: 0.2488,1.8885,17,2324,53,8,59,0.9312,0.077
G_mean: 0.0000: 0.9687,17.6585,123,134,30,5,94,0.5655,0.0806
G_mean: 0.0000: 0.2334,3.7978,56,338,6,5,10,0.4315,0.0171
G_mean: 0.7598: 0.6776,19.9778,166,1796,22,3,58,0.8978,0.0383
G_mean: 0.7357: 0.9728,4.3128,13,2175,15,7,61,0.3885,0.082
G_mean: 0.8159: 0.8763,16.0057,48,2690,88,8,92,0.832,0.059
G_mean: 0.9237: 0.7002,17.0486,18,1605,42,5,45,0.03,0.0126
G_mean: 0.0000: 0.7215,16.5289,15,20,34,4,66,0.9447,0.076
G_mean: 0.6001: 0.4989,16.823,123,1328,100,9,64,0.8507,0.0822
G_mean: 0.0000: 0.287,18.4622,89,1513,2,7,68,0.42,0.0762
G_mean: 0.3693: 0.6329,10.63,192,969,41,7,74,0.9681,0.0204
G_mean: 0.0000: 0.997,14.0957,241,1991,35,9,66,0.2834,0.0535
G_mean: 0.0000: 0.8066,10.6247,259,1151,17,8,5,0.5005,0.0313
G_mean: 0.0000: 0.316,9.2285,261,2397,29,8,7,0.8111,0.0495
G_mean: 0.0000: 0.4205,4.7412,124,2024,96,2,89,0.071,0.0911
G_mean: 0.6934: 0.6306,15.456,38,952,55,3,84,0.4068,0.087
G_mean: 0.0000: 0.1596,16.51,138,486,41,4,40,0.4118,0.0923
G_mean: 0.7687: 0.511,15.998,32,2495,85,6,85,0.749,0.0839
G_mean: 0.5262: 0.155,6.1557,171,1519,23,9,7,0.4823,0.0389
G_mean: 0.6030: 0.087,1.0695,194,1312,92,4,80,0.4327,0.0982
G_mean: 0.0000: 0.8957,18.2624,198,139,39,9,28,0.6859,0.0629
G_mean: 0.0000: 0.0571,15.5555,27,442,53,5,44,0.6252,0.0598
G_mean: 0.0000: 0.9413,13.639,203,947,40,5,39,0.3085,0.0692
G_mean: 0.0877: 0.961,1.6353,265,813,14,4,48,0.7498,0.0201
G_mean: 0.3015: 0.3675,4.7545,25,429,34,6,83,0.6322,0.0129
G_mean: 0.3015: 0.5062,1.2647,84,610,52,6,69,0.6475,0.0989
G_mean: 0.3003: 0.6073,10.5398,203,2368,76,4,29,0.9139,0.0469
G_mean: 0.0000: 0.0902,8.9022,112,1872,41,9,3,0.9216,0.051
G_mean: 0.0000: 0.3876,14.8388,143,2558,84,9,40,0.7562,0.0361
G_mean: 0.6030: 0.7953,11.9541,134,2021,8,7,20,0.5543,0.0858
G_mean: 0.0000: 0.8087,16.4545,158,2331,41,6,49,0.0682,0.0605
G_mean: 0.6396: 0.8063,8.5412,264,2628,46,2,90,0.2219,0.0108
G_mean: 0.4749: 0.1158,6.3052,35,664,44,5,34,0.9348,0.0241
G_mean: 0.0000: 0.3672,17.4493,246,1132,14,7,76,0.6651,0.0932
G_mean: 0.0000: 0.5581,10.7238,234,1027,20,10,12,0.3527,0.0714
G_mean: 0.0000: 0.0364,17.2847,218,1912,72,7,56,0.6525,0.0334
Step: 0, max G_mean: 0.9386793281621159, hyperparameter: [0.8087170205633879, 16.454473489686286, 17.285571164424102, 2330.672658493808, 82.2706326609973, 5.939897486686223, 48.735543746515674, 0.06816724098561355, 0.06048422624024552]
Round: 3, Step 1
G_mean: 0.6355: 0.2219,14.019,61,1442,50,4,79,0.792,0.0269
G_mean: 0.0000: 0.1307,19.2701,204,770,31,7,12,0.6571,0.0121
G_mean: 0.4264: 0.4115,6.84,88,1850,85,3,72,0.7744,0.0055
G_mean: 0.0000: 0.0477,9.67,243,1743,57,9,31,0.2401,0.0028
G_mean: 0.0000: 0.2907,12.0349,11,1178,40,9,3,0.3689,0.0401
G_mean: 0.7385: 0.911,2.3686,72,2151,9,5,75,0.66,0.0729
G_mean: 0.7016: 0.204,14.023,178,1158,33,1,89,0.501,0.0472
G_mean: 0.7044: 0.1907,7.2855,105,1091,71,3,69,0.0132,0.0303
G_mean: 0.3355: 0.175,1.8885,139,2324,53,8,59,0.9312,0.077
G_mean: 0.0000: 0.6776,19.9778,11,1796,38,4,58,0.8978,0.0383
G_mean: 0.8757: 0.0162,4.3128,13,2175,77,7,52,0.3885,0.0011
G_mean: 0.2445: 0.4918,16.0057,48,2690,88,8,92,0.832,0.059
G_mean: 0.8654: 0.7002,15.5128,18,1605,42,5,12,0.03,0.0126
G_mean: 0.0000: 0.6344,16.823,123,1328,100,9,64,0.6163,0.0822
G_mean: 0.0000: 0.6329,10.63,192,1627,46,7,53,0.7052,0.0204
G_mean: 0.0000: 0.3368,14.0957,241,2705,89,3,81,0.8638,0.0535
G_mean: 0.6325: 0.9925,9.0769,137,197,96,8,82,0.071,0.0911
G_mean: 0.5038: 0.6306,15.456,166,952,87,2,24,0.4068,0.0517
G_mean: 0.8528: 0.511,15.998,32,2495,85,6,85,0.749,0.0839
G_mean: 0.0000: 0.155,6.1557,171,984,23,9,7,0.0779,0.0721
G_mean: 0.0000: 0.087,1.0695,194,1312,9,8,45,0.4826,0.0982
G_mean: 0.0000: 0.0319,15.1363,198,139,39,4,28,0.4283,0.0829
G_mean: 0.1122: 0.3675,8.3726,119,429,41,7,44,0.7412,0.0673
G_mean: 0.0000: 0.5746,1.2647,84,1654,52,1,60,0.6475,0.0989
G_mean: 0.0000: 0.7953,11.9541,134,1534,8,5,20,0.5543,0.0858
G_mean: 0.7300: 0.8087,16.4545,129,2331,82,1,49,0.4051,0.0605
G_mean: 0.8929: 0.2811,8.5412,220,1664,46,2,90,0.2219,0.0108
G_mean: 0.7416: 0.1158,6.3052,35,1059,39,8,34,0.1807,0.0241
G_mean: 0.3397: 0.499,17.4493,123,1132,14,7,82,0.5068,0.0748
G_mean: 0.0000: 0.3869,17.2847,187,1912,72,2,99,0.6813,0.0537
Step: 1, max G_mean: 0.9386793281621159, hyperparameter: [0.8087170205633879, 16.454473489686286, 17.285571164424102, 2330.672658493808, 82.2706326609973, 5.939897486686223, 48.735543746515674, 0.06816724098561355, 0.06048422624024552]
Round: 3, Step 2
G_mean: 0.3693: 0.2219,14.019,61,1442,50,4,79,0.792,0.0269
G_mean: 0.8528: 0.2057,15.1888,34,2451,83,7,12,0.6571,0.0899
G_mean: 0.0000: 0.5004,11.7604,243,1182,42,9,20,0.7405,0.0028
G_mean: 0.0000: 0.2907,12.2633,11,1178,70,3,84,0.1853,0.0817
G_mean: 0.5282: 0.371,5.0672,185,2151,56,5,58,0.66,0.0039
G_mean: 0.0000: 0.204,12.7619,178,1158,33,1,58,0.501,0.0472
G_mean: 0.0000: 0.1907,12.2618,105,2560,71,6,69,0.0132,0.0674
G_mean: 0.0000: 0.5817,19.9778,166,1796,31,3,60,0.8978,0.0513
G_mean: 0.0000: 0.1096,6.4946,222,2171,77,4,61,0.3918,0.082
G_mean: 0.3693: 0.8763,16.0057,48,2690,17,5,92,0.832,0.059
G_mean: 0.2132: 0.7002,17.0486,18,1110,41,5,83,0.03,0.0025
G_mean: 0.2132: 0.6329,13.2125,192,2564,95,7,74,0.9681,0.0204
G_mean: 0.8688: 0.997,17.1992,16,1897,60,1,81,0.2834,0.0535
G_mean: 0.7300: 0.9925,10.7714,54,2212,96,6,82,0.677,0.0911
G_mean: 0.4464: 0.7532,15.456,77,952,55,3,84,0.0567,0.087
G_mean: 0.8462: 0.511,6.4954,32,2495,85,2,85,0.2115,0.0839
G_mean: 0.6396: 0.8087,9.5078,17,2086,82,7,49,0.0682,0.0605
G_mean: 0.7628: 0.7348,8.5412,71,1664,57,2,40,0.2219,0.0108
G_mean: 0.2132: 0.1158,6.3052,186,1059,66,3,90,0.0337,0.0208
G_mean: 0.0000: 0.3672,17.4493,123,2251,73,7,70,0.6651,0.0317
Step: 2, max G_mean: 0.9386793281621159, hyperparameter: [0.8087170205633879, 16.454473489686286, 17.285571164424102, 2330.672658493808, 82.2706326609973, 5.939897486686223, 48.735543746515674, 0.06816724098561355, 0.06048422624024552]
computational time: 2.091779206111111 h
