Round: 2, Step 0
G_mean: 0.9065: 0.9469,11.1311,78,313,70,5,24,0.6307,0.0388
G_mean: 0.4014: 0.473,15.1617,100,52,26,6,68,0.0457,0.028
G_mean: 0.8396: 0.2569,17.8913,228,259,47,3,12,0.616,0.0672
G_mean: 0.8576: 0.9368,3.986,268,162,27,6,45,0.4206,0.0589
G_mean: 0.9219: 0.0165,8.8685,250,482,48,9,88,0.2551,0.0139
G_mean: 0.6398: 0.809,18.7909,150,139,62,3,23,0.5681,0.052
G_mean: 0.5098: 0.7713,11.9082,257,182,49,3,88,0.13,0.0563
G_mean: 0.8309: 0.1648,11.8412,185,193,47,1,75,0.4054,0.0241
G_mean: 0.8832: 0.292,8.6742,39,367,23,5,18,0.0238,0.0414
G_mean: 0.9015: 0.7468,15.8858,246,401,55,5,90,0.3985,0.0315
G_mean: 0.7181: 0.9637,9.0103,162,149,78,4,48,0.9663,0.0363
G_mean: 0.3494: 0.9409,10.3055,248,43,87,1,13,0.2677,0.0424
G_mean: 0.8671: 0.9456,7.3005,47,337,9,7,84,0.3851,0.0695
G_mean: 0.8961: 0.1441,18.5863,215,398,96,2,72,0.4392,0.0136
G_mean: 0.7747: 0.9522,14.7788,66,137,30,7,58,0.18,0.0653
G_mean: 0.7381: 0.6079,1.0698,254,135,7,3,18,0.5117,0.0098
G_mean: 0.0000: 0.8809,13.5329,121,93,67,9,44,0.9574,0.0268
G_mean: 0.7995: 0.4362,19.9974,190,500,94,2,7,0.829,0.0164
G_mean: 0.0000: 0.0042,17.236,288,469,1,7,29,0.7648,0.0834
G_mean: 0.8683: 0.4099,3.088,68,475,32,3,56,0.8826,0.0433
G_mean: 0.7375: 0.0368,14.2579,199,220,63,5,53,0.4389,0.0461
G_mean: 0.8765: 0.9144,5.6301,243,468,64,3,44,0.22,0.0477
G_mean: 0.7798: 0.4187,12.0052,239,414,98,6,43,0.9148,0.0766
G_mean: 0.0000: 0.1121,12.662,142,413,99,3,55,0.9872,0.0833
G_mean: 0.0000: 0.4562,6.3587,247,24,39,8,18,0.3484,0.0507
G_mean: 0.7833: 0.6848,18.1971,289,185,25,1,56,0.1839,0.0331
G_mean: 0.8523: 0.7726,17.6412,161,219,63,3,16,0.2361,0.0896
G_mean: 0.6680: 0.3275,19.8251,106,303,72,3,68,0.9772,0.0037
G_mean: 0.7940: 0.1729,7.3218,215,107,19,9,55,0.8192,0.0043
G_mean: 0.7007: 0.5324,15.7971,209,310,57,7,23,0.7004,0.0436
G_mean: 0.9268: 0.9735,15.9675,88,366,61,4,97,0.2102,0.098
G_mean: 0.8962: 0.6357,5.4477,56,494,11,10,64,0.3804,0.0913
G_mean: 0.7809: 0.5956,1.4233,152,401,59,9,34,0.6732,0.012
G_mean: 0.0000: 0.1778,1.5495,69,19,37,3,77,0.8446,0.0714
G_mean: 0.7445: 0.3746,11.6161,51,136,70,5,44,0.6348,0.065
G_mean: 0.7421: 0.4551,14.7362,29,56,19,6,50,0.1836,0.0653
G_mean: 0.0000: 0.0001,1.3076,205,175,64,4,70,0.1767,0.0282
G_mean: 0.9130: 0.9039,14.2401,99,422,26,5,65,0.1619,0.0804
G_mean: 0.9245: 0.4315,6.2835,77,368,93,9,37,0.1187,0.0732
G_mean: 0.8395: 0.4287,3.8857,145,489,39,5,71,0.5884,0.038
G_mean: 0.8332: 0.8132,5.0856,88,306,19,8,46,0.3002,0.0496
G_mean: 0.8624: 0.9102,16.0469,244,338,69,4,65,0.7972,0.0636
G_mean: 0.6522: 0.7022,10.5592,40,81,74,9,70,0.1311,0.0217
G_mean: 0.0000: 0.9471,7.2188,89,81,43,8,51,0.9914,0.0641
G_mean: 0.8320: 0.4045,5.9911,118,339,60,3,44,0.1392,0.0416
G_mean: 0.4460: 0.9209,12.3948,149,103,82,6,50,0.6261,0.0711
G_mean: 0.9078: 0.7377,15.5555,72,443,16,5,68,0.4503,0.0907
G_mean: 0.6875: 0.4622,10.3751,290,141,60,2,35,0.8702,0.049
G_mean: 0.9130: 0.5797,5.7084,108,373,81,10,91,0.3403,0.0267
G_mean: 0.0000: 0.2699,12.1382,205,434,7,1,49,0.995,0.0965
G_mean: 0.8634: 0.9469,13.1009,78,313,78,2,24,0.6307,0.0898
G_mean: 0.7857: 0.473,16.0675,100,186,83,6,68,0.2201,0.028
G_mean: 0.7627: 0.2569,17.8913,247,259,47,7,12,0.616,0.0394
G_mean: 0.0000: 0.9368,3.986,268,417,27,6,45,0.8795,0.0589
G_mean: 0.6401: 0.0165,8.8685,250,148,48,9,88,0.2551,0.0139
G_mean: 0.8822: 0.809,18.7909,150,416,62,3,23,0.0455,0.0601
G_mean: 0.6981: 0.7713,11.9082,257,182,49,9,88,0.13,0.0563
G_mean: 0.6679: 0.1648,4.044,264,240,47,8,75,0.0517,0.0241
G_mean: 0.8297: 0.292,8.6742,86,367,23,10,18,0.57,0.0414
G_mean: 0.9180: 0.4809,13.7093,128,401,55,5,90,0.3985,0.0315
G_mean: 0.5138: 0.9637,9.0103,162,149,78,4,12,0.9663,0.0363
G_mean: 0.5020: 0.4697,10.3055,248,43,44,9,13,0.2677,0.0424
G_mean: 0.9040: 0.9456,7.3005,47,337,93,10,84,0.3851,0.0879
G_mean: 0.9091: 0.1441,18.5863,215,398,50,7,72,0.4392,0.0136
G_mean: 0.6853: 0.9522,14.4467,66,137,30,7,58,0.18,0.0653
G_mean: 0.7171: 0.9269,1.0698,254,135,7,3,18,0.5117,0.0098
G_mean: 0.0000: 0.8809,13.5329,292,93,67,9,44,0.9574,0.0907
G_mean: 0.8610: 0.4362,19.9974,190,439,53,4,7,0.6353,0.0164
G_mean: 0.4429: 0.0042,17.236,125,469,1,7,47,0.7648,0.0834
G_mean: 0.8093: 0.4099,3.088,68,475,32,3,56,0.8826,0.0433
G_mean: 0.8040: 0.7889,14.2579,199,220,63,9,53,0.4389,0.0687
G_mean: 0.8857: 0.9929,5.6301,243,468,36,5,72,0.22,0.0477
G_mean: 0.7486: 0.3644,18.2332,239,414,98,6,43,0.9148,0.0625
G_mean: 0.0000: 0.7048,12.662,142,421,99,3,55,0.9872,0.0833
G_mean: 0.5675: 0.4562,19.3591,247,48,39,8,18,0.3484,0.0507
G_mean: 0.7098: 0.6848,16.3783,289,185,54,1,56,0.6928,0.0331
G_mean: 0.6212: 0.8276,17.6412,161,192,54,3,16,0.2361,0.0896
G_mean: 0.0000: 0.5976,19.8251,106,303,72,6,14,0.9772,0.0037
G_mean: 0.6997: 0.1729,13.745,215,107,19,9,55,0.8192,0.0043
G_mean: 0.7688: 0.5324,15.7971,209,310,57,8,23,0.7004,0.0436
G_mean: 0.0000: 0.9735,15.9675,224,366,61,4,97,0.6454,0.098
G_mean: 0.9143: 0.6357,5.4477,56,494,11,10,64,0.4082,0.0913
G_mean: 0.9117: 0.5956,1.4233,140,401,32,9,91,0.6732,0.0623
G_mean: 0.0000: 0.1778,1.5495,207,19,84,3,97,0.8446,0.0714
G_mean: 0.0000: 0.3746,11.4067,179,33,70,3,68,0.6348,0.065
G_mean: 0.6488: 0.4551,14.7362,29,56,66,6,50,0.1836,0.0653
G_mean: 0.7792: 0.1234,13.242,205,437,64,4,70,0.1767,0.0282
G_mean: 0.7521: 0.9039,4.8444,150,422,26,5,39,0.1022,0.0804
G_mean: 0.4498: 0.7889,18.9794,77,71,93,5,44,0.1187,0.0732
G_mean: 0.9091: 0.0528,16.4675,145,489,39,5,71,0.1658,0.0403
G_mean: 0.8911: 0.8132,7.3396,88,306,39,8,46,0.3002,0.06
G_mean: 0.8886: 0.9102,16.0469,56,338,69,4,56,0.7972,0.0172
G_mean: 0.2230: 0.7022,17.6807,40,81,74,7,70,0.1481,0.0217
G_mean: 0.0000: 0.9471,18.8023,50,81,2,1,51,0.9914,0.0967
G_mean: 0.8873: 0.6906,5.9911,118,339,30,3,33,0.1392,0.0416
G_mean: 0.3641: 0.5361,12.3948,157,103,82,6,50,0.2942,0.0711
G_mean: 0.8976: 0.7377,15.5555,72,443,16,5,24,0.4503,0.0907
G_mean: 0.3154: 0.4622,10.3751,290,78,60,2,35,0.8702,0.049
G_mean: 0.8870: 0.0131,5.7084,108,328,50,3,91,0.3403,0.0267
G_mean: 0.0000: 0.2512,5.0506,205,434,7,1,49,0.995,0.0965
Step: 0, max G_mean: 0.9267857681453855, hyperparameter: [0.9734930555863149, 15.967503878113005, 87.97909590572233, 366.331863443752, 61.350223992157844, 3.9195324393166673, 96.72388945538597, 0.21016673313110756, 0.09803183928188329]
Round: 2, Step 1
G_mean: 0.9154: 0.9469,10.9543,78,313,70,5,94,0.6307,0.0388
G_mean: 0.8128: 0.0502,19.8022,132,186,83,6,81,0.4196,0.028
G_mean: 0.8108: 0.2569,7.099,228,259,47,3,12,0.616,0.0672
G_mean: 0.6898: 0.9368,3.986,268,162,27,6,45,0.2869,0.0589
G_mean: 0.7396: 0.0165,8.8685,250,482,48,10,60,0.0051,0.0139
G_mean: 0.8822: 0.809,18.7909,150,275,62,3,23,0.0455,0.0069
G_mean: 0.8360: 0.1648,11.8412,185,193,47,8,75,0.3887,0.0241
G_mean: 0.8835: 0.292,8.6742,39,387,23,5,87,0.0238,0.0414
G_mean: 0.8671: 0.4809,17.9991,168,401,55,5,90,0.6223,0.046
G_mean: 0.8987: 0.9456,18.4165,47,337,93,6,84,0.3851,0.0717
G_mean: 0.8628: 0.1441,18.5863,215,398,50,7,72,0.4392,0.0136
G_mean: 0.5566: 0.4362,19.9974,190,439,54,2,7,0.8771,0.0271
G_mean: 0.8405: 0.4099,3.088,68,406,32,3,63,0.8826,0.0823
G_mean: 0.8740: 0.7889,14.2579,199,321,63,9,53,0.4389,0.0687
G_mean: 0.8911: 0.3186,5.6301,243,468,36,5,56,0.22,0.0175
G_mean: 0.8395: 0.5432,11.8271,239,432,46,6,43,0.8728,0.0766
G_mean: 0.6260: 0.6848,18.1971,96,281,25,1,3,0.1505,0.0711
G_mean: 0.9162: 0.5875,17.6412,161,291,15,3,16,0.2361,0.0365
G_mean: 0.7940: 0.1729,13.0733,164,107,19,9,55,0.8297,0.0043
G_mean: 0.9149: 0.9735,15.9675,88,366,56,4,97,0.2102,0.071
G_mean: 0.9078: 0.6357,5.0634,56,494,44,10,64,0.4082,0.0913
G_mean: 0.8895: 0.5956,1.4233,140,401,32,4,91,0.6732,0.0092
G_mean: 0.8646: 0.9039,14.2401,99,422,39,5,7,0.3786,0.0804
G_mean: 0.8659: 0.4315,13.2364,77,368,93,9,60,0.1187,0.0732
G_mean: 0.8832: 0.8975,4.2221,145,489,39,5,71,0.1658,0.066
G_mean: 0.8807: 0.8132,18.8528,136,306,39,3,46,0.7235,0.0782
G_mean: 0.8832: 0.9102,11.8286,56,338,69,4,56,0.5416,0.0172
G_mean: 0.8989: 0.6906,5.9911,118,339,58,3,51,0.7752,0.0416
G_mean: 0.9078: 0.1735,12.7222,101,443,16,5,11,0.4503,0.0506
G_mean: 0.9355: 0.5797,5.7084,108,373,81,10,91,0.6467,0.0267
Step: 1, max G_mean: 0.935488172852528, hyperparameter: [0.5796588772011119, 5.708391436088215, 107.78483458601751, 373.0517047045936, 80.54278642822824, 9.681674768838679, 90.97192020713581, 0.6467412549963867, 0.026661254487508612]
Round: 2, Step 2
G_mean: 0.9141: 0.9469,10.9543,78,313,70,5,94,0.6307,0.0388
G_mean: 0.8777: 0.0165,8.8685,250,482,48,9,88,0.7657,0.0335
G_mean: 0.8781: 0.809,18.7909,150,334,62,1,23,0.0455,0.0601
G_mean: 0.8911: 0.292,8.6742,39,333,23,5,73,0.6961,0.0414
G_mean: 0.8695: 0.3515,6.4469,237,401,53,5,90,0.2428,0.0315
G_mean: 0.8857: 0.0393,7.3005,226,337,93,10,84,0.3851,0.0043
G_mean: 0.9320: 0.1441,9.9058,215,398,50,1,72,0.4392,0.0136
G_mean: 0.9027: 0.3186,5.6301,243,468,36,5,46,0.22,0.0175
G_mean: 0.8503: 0.5875,17.6412,161,291,44,3,16,0.2361,0.0365
G_mean: 0.9255: 0.6238,12.6873,56,366,61,4,97,0.6357,0.0521
G_mean: 0.8949: 0.5207,5.4477,56,437,11,7,64,0.4082,0.0913
G_mean: 0.8671: 0.5956,7.5053,140,401,75,5,66,0.6732,0.0623
G_mean: 0.8935: 0.9039,18.2633,204,422,26,6,65,0.1619,0.0215
G_mean: 0.9281: 0.4315,6.2835,77,368,93,9,37,0.1187,0.0732
G_mean: 0.8937: 0.0528,16.4675,74,489,39,5,71,0.1658,0.0403
G_mean: 0.4930: 0.5019,6.5244,241,306,39,8,46,0.078,0.06
G_mean: 0.8419: 0.9102,16.0469,56,438,69,4,56,0.7972,0.0172
G_mean: 0.8802: 0.9193,5.9911,111,339,58,3,51,0.2221,0.0416
G_mean: 0.9281: 0.7377,13.4691,72,443,16,6,96,0.4503,0.0907
G_mean: 0.8332: 0.5797,5.7084,175,430,81,4,91,0.6467,0.0267
Step: 2, max G_mean: 0.935488172852528, hyperparameter: [0.5796588772011119, 5.708391436088215, 107.78483458601751, 373.0517047045936, 80.54278642822824, 9.681674768838679, 90.97192020713581, 0.6467412549963867, 0.026661254487508612]
Round: 2, Step 3
G_mean: 0.8962: 0.9469,11.9374,104,451,70,5,90,0.6307,0.0388
G_mean: 0.8832: 0.0165,6.7594,250,482,48,9,88,0.1349,0.0139
G_mean: 0.8653: 0.4463,13.7093,128,401,22,6,90,0.3985,0.0109
G_mean: 0.8599: 0.1441,9.9058,215,398,50,1,70,0.4392,0.0136
G_mean: 0.8516: 0.5234,17.6412,74,475,36,3,97,0.2361,0.0365
G_mean: 0.4851: 0.9735,15.9675,88,366,61,4,97,0.2102,0.098
G_mean: 0.8655: 0.6357,5.4477,56,494,11,8,76,0.4082,0.0913
G_mean: 0.9027: 0.4315,13.1724,77,443,93,9,37,0.1187,0.0732
G_mean: 0.8882: 0.7377,12.7438,72,443,32,6,96,0.4186,0.0128
G_mean: 0.9117: 0.4574,5.7084,150,330,81,5,91,0.3717,0.0267
Step: 3, max G_mean: 0.935488172852528, hyperparameter: [0.5796588772011119, 5.708391436088215, 107.78483458601751, 373.0517047045936, 80.54278642822824, 9.681674768838679, 90.97192020713581, 0.6467412549963867, 0.026661254487508612]
computational time: 2.000501605833333 h
