Round: 7, Step 0
G_mean: 0.8950: 0.4503,15.8128,202,68,91,7,15,0.6272,0.0596
G_mean: 0.8915: 0.7924,6.0119,66,85,40,7,83,0.6647,0.0448
G_mean: 0.0000: 0.7203,18.5881,269,34,30,1,27,0.9858,0.0687
G_mean: 0.7964: 0.7752,2.7112,203,15,24,3,92,0.4651,0.0471
G_mean: 0.7717: 0.0351,12.1205,74,20,46,5,98,0.4184,0.0474
G_mean: 0.7608: 0.4827,13.9907,269,35,18,9,56,0.1933,0.0065
G_mean: 0.8502: 0.8843,3.2991,286,27,99,4,43,0.5163,0.0689
G_mean: 0.7643: 0.5148,18.8485,22,50,17,4,63,0.3669,0.0789
G_mean: 0.9125: 0.9193,3.7003,123,92,50,3,22,0.2326,0.0049
G_mean: 0.8807: 0.5488,6.1991,95,68,33,7,93,0.2229,0.0879
G_mean: 0.8753: 0.6952,8.6649,168,42,81,3,30,0.7647,0.036
G_mean: 0.8786: 0.1381,9.4054,186,52,30,2,15,0.254,0.0924
G_mean: 0.7628: 0.1173,16.1577,154,83,28,10,63,0.0094,0.0164
G_mean: 0.8013: 0.3191,17.7174,205,61,8,8,15,0.9428,0.0079
G_mean: 0.7459: 0.1027,9.0223,285,21,22,2,69,0.4445,0.0394
G_mean: 0.8644: 0.1202,8.1177,241,77,88,6,85,0.6805,0.0341
G_mean: 0.6007: 0.7083,14.3814,227,9,44,9,7,0.5686,0.0535
G_mean: 0.8783: 0.8181,17.2883,109,74,87,8,49,0.7727,0.0666
G_mean: 0.7058: 0.6491,10.8797,193,26,3,5,73,0.2494,0.0916
G_mean: 0.8929: 0.3023,4.8596,198,56,11,5,88,0.342,0.0664
G_mean: 0.7923: 0.8617,16.0951,16,27,67,7,82,0.0074,0.0491
G_mean: 0.7514: 0.4511,8.1123,27,26,42,6,23,0.9413,0.0165
G_mean: 0.8654: 0.0013,16.0295,222,47,59,5,18,0.6483,0.0267
G_mean: 0.7952: 0.6338,17.2647,281,45,10,8,33,0.016,0.0738
G_mean: 0.6424: 0.8946,16.6621,42,13,93,7,90,0.9478,0.0267
G_mean: 0.0000: 0.8322,17.4939,286,62,6,8,71,0.8057,0.0078
G_mean: 0.9011: 0.0739,19.3391,156,75,57,8,3,0.6585,0.0581
G_mean: 0.8539: 0.2908,7.089,226,70,29,3,70,0.4482,0.0415
G_mean: 0.8638: 0.3615,10.5649,143,90,67,1,56,0.8633,0.0665
G_mean: 0.8760: 0.5106,2.3194,281,42,10,5,48,0.5494,0.0681
G_mean: 0.5717: 0.7816,7.9538,135,8,99,9,27,0.4033,0.0982
G_mean: 0.7280: 0.49,9.6424,268,42,34,2,78,0.97,0.0074
G_mean: 0.8803: 0.1483,4.7026,135,53,82,7,95,0.5674,0.0188
G_mean: 0.0868: 0.9068,12.0715,55,7,78,6,21,0.9611,0.0653
G_mean: 0.9228: 0.9758,2.2275,180,90,42,5,6,0.5173,0.0191
G_mean: 0.7039: 0.5465,15.5377,68,19,41,3,73,0.8197,0.0889
G_mean: 0.8537: 0.9235,8.7943,98,51,25,2,24,0.7977,0.0946
G_mean: 0.8882: 0.7716,4.3541,143,92,74,6,17,0.7967,0.0825
G_mean: 0.8406: 0.2745,15.4213,173,76,60,10,18,0.8548,0.0582
G_mean: 0.4866: 0.5591,14.6326,80,8,55,9,92,0.7654,0.0739
G_mean: 0.8581: 0.3081,3.6074,66,94,85,10,43,0.7916,0.064
G_mean: 0.7826: 0.46,19.8369,93,23,99,6,17,0.921,0.0163
G_mean: 0.7535: 0.5549,17.9116,172,22,52,9,64,0.9597,0.034
G_mean: 0.8124: 0.1006,11.0497,257,47,14,6,50,0.416,0.0652
G_mean: 0.6174: 0.9945,14.3566,208,18,53,9,1,0.4822,0.0539
G_mean: 0.6972: 0.0006,19.6527,125,20,91,9,10,0.3592,0.0545
G_mean: 0.8727: 0.4691,9.981,250,95,13,5,77,0.6978,0.0584
G_mean: 0.7290: 0.8144,11.1068,223,34,40,7,8,0.0355,0.0382
G_mean: 0.0000: 0.6701,11.5839,222,30,86,5,89,0.9815,0.072
G_mean: 0.8428: 0.3184,16.6693,151,37,85,2,68,0.3919,0.0844
G_mean: 0.8048: 0.4503,15.8128,135,53,91,7,76,0.3654,0.0224
G_mean: 0.8763: 0.7924,2.4856,168,85,40,7,35,0.8231,0.0587
G_mean: 0.0000: 0.7203,18.5881,269,34,20,1,27,0.9858,0.0687
G_mean: 0.8239: 0.7752,2.7112,203,15,24,3,92,0.0902,0.0471
G_mean: 0.7352: 0.8812,12.1205,74,20,28,4,98,0.5261,0.069
G_mean: 0.0000: 0.4827,13.9907,269,17,18,9,56,0.1933,0.0065
G_mean: 0.9001: 0.8843,3.2991,286,69,99,4,43,0.5163,0.0689
G_mean: 0.8461: 0.8121,18.8485,22,50,32,4,63,0.3669,0.0251
G_mean: 0.8605: 0.9193,3.7003,215,31,50,3,22,0.2326,0.0753
G_mean: 0.8554: 0.5488,6.1991,95,68,33,7,93,0.2229,0.0879
G_mean: 0.8144: 0.6952,8.6649,126,42,81,6,30,0.3817,0.036
G_mean: 0.8526: 0.1381,9.4054,80,52,30,2,49,0.254,0.0924
G_mean: 0.8233: 0.1173,16.1577,154,74,17,10,63,0.1215,0.0164
G_mean: 0.0000: 0.4301,17.7174,205,61,8,8,15,0.3463,0.0079
G_mean: 0.7459: 0.1027,16.7921,285,21,5,2,69,0.0799,0.0568
G_mean: 0.8623: 0.1202,8.1177,241,76,88,6,61,0.641,0.0609
G_mean: 0.0614: 0.7083,17.2562,227,9,44,9,7,0.5686,0.0569
G_mean: 0.8586: 0.0011,17.2883,109,42,87,6,49,0.7727,0.0666
G_mean: 0.0000: 0.6491,10.8797,163,26,15,5,73,0.1781,0.0072
G_mean: 0.8976: 0.3023,4.8596,177,56,11,5,88,0.2353,0.0821
G_mean: 0.7886: 0.8617,10.9655,16,27,67,7,45,0.5084,0.0851
G_mean: 0.7815: 0.4511,8.1123,27,26,28,6,23,0.9413,0.0165
G_mean: 0.8580: 0.0013,16.0295,222,47,19,6,45,0.6483,0.0944
G_mean: 0.0000: 0.6338,17.2647,281,45,10,8,33,0.811,0.0888
G_mean: 0.6763: 0.8849,16.6621,121,13,93,7,90,0.2116,0.0587
G_mean: 0.8503: 0.8322,17.4939,121,85,6,8,84,0.4918,0.0078
G_mean: 0.8802: 0.0739,19.3391,200,54,57,4,84,0.6585,0.0581
G_mean: 0.8620: 0.2908,7.089,226,70,29,8,70,0.4482,0.0442
G_mean: 0.8131: 0.3615,10.5649,104,62,50,1,56,0.8633,0.0665
G_mean: 0.7880: 0.0106,17.0776,281,42,10,5,48,0.5494,0.0447
G_mean: 0.6080: 0.7816,10.9482,135,8,99,9,27,0.4033,0.0982
G_mean: 0.0000: 0.49,11.6159,268,66,34,7,78,0.97,0.0358
G_mean: 0.8942: 0.1483,4.7026,135,52,40,7,32,0.5674,0.0188
G_mean: 0.4198: 0.9068,14.5808,55,7,78,6,21,0.9611,0.0163
G_mean: 0.8317: 0.0379,2.2275,180,90,42,8,3,0.6646,0.0191
G_mean: 0.7111: 0.3294,15.5377,68,19,41,3,73,0.5136,0.0638
G_mean: 0.8739: 0.9235,7.5511,98,51,25,2,24,0.5969,0.0946
G_mean: 0.8872: 0.1281,4.3541,263,92,74,6,17,0.7967,0.0825
G_mean: 0.7544: 0.2745,15.4213,173,76,60,10,45,0.4911,0.0582
G_mean: 0.5404: 0.5591,16.1414,80,8,55,6,92,0.603,0.0739
G_mean: 0.8944: 0.3081,12.2061,155,66,57,10,39,0.7916,0.0418
G_mean: 0.7786: 0.46,19.8369,134,23,99,6,17,0.921,0.0163
G_mean: 0.8001: 0.5549,13.9056,172,59,33,9,64,0.6646,0.034
G_mean: 0.6859: 0.1006,11.0497,257,47,14,5,70,0.4892,0.0652
G_mean: 0.6409: 0.9945,14.3566,208,18,64,9,1,0.6734,0.0984
G_mean: 0.8858: 0.0006,19.6527,125,44,91,9,10,0.4929,0.0545
G_mean: 0.8200: 0.7618,7.2698,237,95,13,7,77,0.6978,0.0277
G_mean: 0.7588: 0.8144,10.3479,223,34,40,7,8,0.1678,0.0382
G_mean: 0.0000: 0.6701,11.5839,222,30,86,5,89,0.9815,0.0439
G_mean: 0.8294: 0.3184,16.6693,270,90,29,8,8,0.3919,0.055
Step: 0, max G_mean: 0.9227565456297141, hyperparameter: [0.9758021913616689, 2.2275307161217914, 180.3537435589037, 90.2160704559863, 42.07472683680711, 4.669335282367976, 6.3207109234026255, 0.5172708982768195, 0.019141210910886945]
Round: 7, Step 1
G_mean: 0.0000: 0.4503,13.8729,138,68,91,7,15,0.941,0.0596
G_mean: 0.8696: 0.7924,6.0119,66,85,40,7,83,0.6647,0.0166
G_mean: 0.8706: 0.7752,2.7112,255,40,24,3,92,0.0902,0.0471
G_mean: 0.8756: 0.8843,3.2991,145,86,99,4,73,0.5163,0.0689
G_mean: 0.8731: 0.6291,7.1368,130,50,32,4,63,0.6573,0.0824
G_mean: 0.8483: 0.9193,7.8031,85,86,50,3,63,0.3013,0.0909
G_mean: 0.8488: 0.5488,6.1991,296,68,24,7,76,0.2229,0.0879
G_mean: 0.7558: 0.6952,8.6649,168,31,17,3,30,0.7647,0.036
G_mean: 0.8510: 0.1381,9.4054,186,52,60,2,15,0.254,0.0869
G_mean: 0.8078: 0.1173,16.1577,154,37,17,10,63,0.1215,0.0164
G_mean: 0.6950: 0.3191,15.2091,205,61,8,1,65,0.9428,0.0079
G_mean: 0.8331: 0.5859,8.1177,241,32,88,6,85,0.7369,0.0438
G_mean: 0.8596: 0.8181,17.2883,109,74,87,7,67,0.5394,0.0666
G_mean: 0.8575: 0.3023,12.5225,177,56,11,10,88,0.2353,0.0045
G_mean: 0.8751: 0.0013,12.5148,222,47,55,5,18,0.6483,0.0267
G_mean: 0.0000: 0.8322,17.4939,215,85,6,8,84,0.8019,0.0609
G_mean: 0.8596: 0.5483,6.7459,156,75,57,8,3,0.6585,0.0883
G_mean: 0.8019: 0.5016,13.2654,226,70,61,2,70,0.4482,0.0837
G_mean: 0.8620: 0.1591,10.5649,194,90,39,1,16,0.8633,0.0209
G_mean: 0.8905: 0.5106,2.3194,186,42,10,5,74,0.1899,0.0397
G_mean: 0.9100: 0.6794,4.7026,135,52,91,8,8,0.5674,0.0453
G_mean: 0.9021: 0.9758,2.2275,104,90,42,6,6,0.5173,0.0545
G_mean: 0.8401: 0.9235,7.5511,133,51,25,2,52,0.5969,0.0648
G_mean: 0.8864: 0.7716,4.3541,143,91,74,6,17,0.7967,0.0825
G_mean: 0.8719: 0.2745,5.5016,71,76,60,10,70,0.8548,0.0582
G_mean: 0.9086: 0.3081,12.2061,181,66,57,3,24,0.7916,0.0418
G_mean: 0.8841: 0.1006,11.0497,257,70,42,6,50,0.6815,0.0652
G_mean: 0.8210: 0.0006,8.1473,125,22,91,9,10,0.4929,0.0545
G_mean: 0.7106: 0.4691,9.981,250,28,13,3,77,0.3466,0.0275
G_mean: 0.8295: 0.6522,16.6693,213,37,85,8,68,0.3919,0.0844
Step: 1, max G_mean: 0.9227565456297141, hyperparameter: [0.9758021913616689, 2.2275307161217914, 180.3537435589037, 90.2160704559863, 42.07472683680711, 4.669335282367976, 6.3207109234026255, 0.5172708982768195, 0.019141210910886945]
Round: 7, Step 2
G_mean: 0.9099: 0.4503,15.8128,202,68,91,9,99,0.6272,0.0596
G_mean: 0.8995: 0.5055,6.0119,66,85,40,7,83,0.6647,0.0448
G_mean: 0.8891: 0.8843,3.2991,286,44,99,1,43,0.5163,0.0689
G_mean: 0.8747: 0.6291,9.8563,130,50,56,4,63,0.6573,0.0824
G_mean: 0.8022: 0.9193,3.7003,123,92,50,8,22,0.6316,0.0049
G_mean: 0.8950: 0.9431,6.1991,82,68,33,7,93,0.6254,0.0879
G_mean: 0.8361: 0.6952,8.6649,200,42,31,3,30,0.7647,0.0327
G_mean: 0.8981: 0.1381,9.4054,186,52,30,2,15,0.254,0.0402
G_mean: 0.8667: 0.115,11.5909,109,66,87,8,20,0.7668,0.0312
G_mean: 0.8659: 0.3023,4.8596,61,56,11,5,55,0.6906,0.0821
G_mean: 0.8615: 0.517,6.5208,241,47,29,5,18,0.6483,0.0267
G_mean: 0.8653: 0.0739,19.3391,156,75,57,2,3,0.6585,0.0581
G_mean: 0.7612: 0.5106,2.3194,186,95,10,5,90,0.9949,0.0397
G_mean: 0.9259: 0.6794,4.7026,135,67,91,8,8,0.5674,0.0453
G_mean: 0.8981: 0.9758,2.2275,180,90,51,5,6,0.6673,0.053
G_mean: 0.8662: 0.9235,7.5511,98,51,25,2,24,0.6928,0.0322
G_mean: 0.9007: 0.7716,4.3541,163,92,74,4,34,0.7388,0.0825
G_mean: 0.8829: 0.3081,14.256,181,76,50,3,49,0.6597,0.065
G_mean: 0.8300: 0.1006,11.0497,288,66,52,6,50,0.8394,0.0652
G_mean: 0.8729: 0.1056,19.6527,249,44,91,9,10,0.4929,0.045
Step: 2, max G_mean: 0.9258856035944161, hyperparameter: [0.6794073567498438, 4.70256763241235, 134.88433746569714, 67.4344133496378, 90.51624223116363, 8.36026747171231, 7.858685649718517, 0.5674129682923343, 0.04531636561869118]
Round: 7, Step 3
G_mean: 0.8687: 0.5104,15.8128,202,68,91,9,99,0.6272,0.0596
G_mean: 0.8894: 0.8152,6.0119,66,85,40,4,83,0.6647,0.0084
G_mean: 0.9143: 0.8843,3.2991,286,74,99,4,43,0.6142,0.0689
G_mean: 0.9113: 0.9193,3.7003,123,92,76,3,22,0.2326,0.0049
G_mean: 0.8596: 0.1381,9.4054,189,62,30,2,13,0.254,0.0402
G_mean: 0.8857: 0.0739,19.3391,156,75,57,8,3,0.6585,0.0581
G_mean: 0.8915: 0.984,4.7026,171,67,91,8,8,0.6315,0.0453
G_mean: 0.8737: 0.9758,10.6845,180,90,42,5,6,0.5173,0.0191
G_mean: 0.8726: 0.7716,4.3541,164,92,61,4,24,0.7388,0.0325
G_mean: 0.8731: 0.3081,12.2061,181,66,40,3,24,0.7916,0.0114
Step: 3, max G_mean: 0.9258856035944161, hyperparameter: [0.6794073567498438, 4.70256763241235, 134.88433746569714, 67.4344133496378, 90.51624223116363, 8.36026747171231, 7.858685649718517, 0.5674129682923343, 0.04531636561869118]
Round: 7, Step 4
G_mean: 0.8817: 0.4503,15.8128,202,68,91,9,9,0.6272,0.0596
G_mean: 0.8913: 0.9201,3.2991,286,92,50,3,43,0.6142,0.0689
G_mean: 0.8776: 0.9193,4.6994,123,71,50,3,22,0.2326,0.0049
G_mean: 0.8885: 0.9713,4.7026,135,67,91,8,8,0.5674,0.0453
G_mean: 0.9031: 0.6373,2.2275,180,90,42,9,6,0.5173,0.0467
Step: 4, max G_mean: 0.9258856035944161, hyperparameter: [0.6794073567498438, 4.70256763241235, 134.88433746569714, 67.4344133496378, 90.51624223116363, 8.36026747171231, 7.858685649718517, 0.5674129682923343, 0.04531636561869118]
computational time: 2.2097344638888887 h
