Round: 1, Step 0
G_mean: 0.2897: 0.8157,19.9155,99,1112,74,2,99,0.9899,0.0701
G_mean: 0.4767: 0.2421,7.5203,124,488,14,4,20,0.9705,0.0639
G_mean: 0.0000: 0.4569,5.7263,73,642,71,10,65,0.0938,0.0379
G_mean: 0.7416: 0.3671,8.5653,132,1346,19,2,23,0.8183,0.0482
G_mean: 0.0000: 0.7829,7.9271,289,1980,28,1,57,0.5713,0.0913
G_mean: 0.0000: 0.5516,8.4599,66,2291,87,3,96,0.2193,0.0635
G_mean: 0.4181: 0.2858,3.2837,98,2191,43,2,63,0.3016,0.0585
G_mean: 0.3282: 0.9073,15.0273,111,523,17,2,65,0.2846,0.0155
G_mean: 0.3693: 0.1595,14.7944,36,1654,32,5,5,0.6994,0.0123
G_mean: 0.0000: 0.6265,15.6491,239,1591,43,4,45,0.3368,0.0432
G_mean: 0.0000: 0.555,14.9747,183,2230,75,8,44,0.4294,0.0312
G_mean: 0.6593: 0.3219,14.5247,240,1718,2,2,78,0.0094,0.0445
G_mean: 0.8790: 0.8689,18.8334,11,2353,13,5,70,0.7112,0.0119
G_mean: 0.0000: 0.0521,6.1416,280,1832,72,9,27,0.0627,0.0972
G_mean: 0.0000: 0.5822,14.0357,289,1181,22,1,83,0.5113,0.0123
G_mean: 0.7385: 0.3499,8.7647,23,2364,67,2,43,0.3461,0.0066
G_mean: 0.3003: 0.9212,13.5304,165,475,63,6,2,0.9348,0.0647
G_mean: 0.6221: 0.4996,16.2108,155,1414,68,5,3,0.3065,0.0473
G_mean: 0.0000: 0.3969,14.0184,125,1337,8,1,40,0.5723,0.0986
G_mean: 0.0000: 0.2143,5.8982,214,1535,89,3,16,0.3597,0.0894
G_mean: 0.4248: 0.8445,4.4732,133,1162,68,6,28,0.3073,0.0038
G_mean: 0.7508: 0.8286,6.2446,23,763,28,10,90,0.8145,0.0776
G_mean: 0.7800: 0.8232,14.0651,96,1186,70,9,25,0.0867,0.0187
G_mean: 0.5289: 0.9774,11.2178,88,774,54,1,13,0.5905,0.0266
G_mean: 0.6721: 0.0604,9.8482,261,779,86,2,7,0.7587,0.0809
G_mean: 0.0000: 0.5329,19.0007,289,1269,22,8,7,0.2166,0.0846
G_mean: 0.0000: 0.7331,5.464,163,1190,91,8,75,0.5708,0.0338
G_mean: 0.1784: 0.6245,19.8036,131,673,54,8,37,0.694,0.0657
G_mean: 0.6989: 0.7373,10.1502,112,2189,30,3,63,0.5052,0.0683
G_mean: 0.0000: 0.5108,8.8361,170,38,4,5,4,0.2444,0.0863
G_mean: 0.5464: 0.2637,5.3394,242,171,44,8,31,0.0474,0.013
G_mean: 0.0000: 0.3766,17.0657,156,1390,47,2,38,0.6389,0.0885
G_mean: 0.0000: 0.0565,9.7634,262,1809,79,4,42,0.9122,0.0037
G_mean: 0.0000: 0.0873,16.6955,175,1111,83,10,54,0.3075,0.0582
G_mean: 0.5572: 0.1813,1.9793,164,1672,50,10,45,0.8862,0.0981
G_mean: 0.0000: 0.7809,13.3572,113,2038,18,4,13,0.7461,0.0498
G_mean: 0.0000: 0.6959,15.8967,272,900,4,4,86,0.5657,0.0147
G_mean: 0.0000: 0.2398,2.8974,222,2372,93,6,53,0.6606,0.0321
G_mean: 0.0000: 0.6212,7.4314,182,32,59,6,12,0.6142,0.0547
G_mean: 0.0000: 0.613,3.9846,241,913,77,7,80,0.1605,0.0016
G_mean: 0.0000: 0.891,15.087,256,2456,14,4,70,0.9458,0.0614
G_mean: 0.0000: 0.3016,8.8399,274,642,86,5,68,0.4552,0.0332
G_mean: 0.0000: 0.6413,17.9998,183,1433,59,8,71,0.28,0.0126
G_mean: 0.0000: 0.4124,8.5579,89,1725,77,6,4,0.2323,0.0274
G_mean: 0.4453: 0.0706,8.8562,209,1180,27,2,14,0.07,0.0785
G_mean: 0.0000: 0.6804,3.2405,201,531,77,7,57,0.3419,0.086
G_mean: 0.0000: 0.0454,15.9882,270,221,70,1,23,0.15,0.0444
G_mean: 0.0000: 0.108,13.0253,111,2429,92,2,32,0.798,0.0192
G_mean: 0.0000: 0.985,18.8758,259,1630,68,4,23,0.0625,0.0027
G_mean: 0.0000: 0.2771,19.9155,99,2047,49,4,25,0.9899,0.0623
G_mean: 0.0000: 0.2421,7.5203,124,488,14,4,49,0.9705,0.0639
G_mean: 0.4264: 0.4569,5.7263,37,369,71,10,65,0.0938,0.0379
G_mean: 0.6989: 0.3294,8.5653,132,1346,19,2,23,0.22,0.0482
G_mean: 0.0000: 0.7829,7.9271,207,1980,28,5,57,0.5713,0.0913
G_mean: 0.0000: 0.0577,3.6595,66,2367,87,3,96,0.2193,0.0635
G_mean: 0.7385: 0.4305,3.2837,98,671,43,2,63,0.3016,0.0592
G_mean: 0.0000: 0.9073,15.0273,140,523,17,2,16,0.4621,0.0155
G_mean: 0.0000: 0.3862,14.7944,254,1654,32,7,68,0.6994,0.0347
G_mean: 0.0000: 0.6265,19.3794,239,1591,43,4,45,0.3368,0.0432
G_mean: 0.0000: 0.5028,14.9747,137,1330,60,8,44,0.9272,0.0312
G_mean: 0.0000: 0.3219,14.5247,240,1718,14,2,78,0.0094,0.0445
G_mean: 0.8790: 0.8689,18.8334,11,2353,13,5,70,0.7112,0.0026
G_mean: 0.0000: 0.0521,19.9478,284,1832,72,9,27,0.0627,0.0972
G_mean: 0.0877: 0.5822,14.0357,289,1181,94,6,33,0.4933,0.0123
G_mean: 0.8470: 0.3499,6.6034,23,2364,67,3,31,0.3461,0.0066
G_mean: 0.3693: 0.2827,13.5304,165,475,63,6,2,0.9348,0.0685
G_mean: 0.0000: 0.7522,16.2108,155,1414,12,4,3,0.3065,0.0991
G_mean: 0.5960: 0.3969,14.0184,98,1337,8,1,56,0.592,0.0986
G_mean: 0.2132: 0.2143,5.8982,214,1554,89,3,66,0.8272,0.0894
G_mean: 0.0000: 0.8445,4.4732,133,1162,68,6,28,0.3073,0.0521
G_mean: 0.2132: 0.5367,6.2446,23,763,24,10,10,0.8145,0.0867
G_mean: 0.7357: 0.9243,8.4902,67,1728,49,4,25,0.0867,0.0577
G_mean: 0.3387: 0.9774,11.2178,119,1767,54,1,13,0.5905,0.0266
G_mean: 0.0000: 0.0021,9.8482,261,779,86,3,7,0.992,0.0508
G_mean: 0.0000: 0.9505,19.0007,289,1326,22,8,7,0.9981,0.0846
G_mean: 0.0000: 0.7331,5.464,163,1190,91,3,75,0.5708,0.0296
G_mean: 0.0000: 0.6245,19.8036,131,673,54,7,37,0.694,0.0988
G_mean: 0.8257: 0.6865,10.1502,222,2189,47,3,4,0.5052,0.0683
G_mean: 0.3693: 0.5108,9.6755,170,1051,4,8,4,0.3831,0.0863
G_mean: 0.0000: 0.2637,5.3394,242,171,44,8,31,0.0474,0.0326
G_mean: 0.6322: 0.3132,17.0657,156,1390,47,2,38,0.7013,0.0488
G_mean: 0.3832: 0.0565,9.7634,262,1809,67,3,42,0.9122,0.0037
G_mean: 0.0000: 0.0873,16.6955,175,1111,83,10,54,0.3075,0.0689
G_mean: 0.0000: 0.1813,1.9793,271,1672,50,7,45,0.8862,0.0981
G_mean: 0.3015: 0.7809,13.3572,113,1459,18,4,13,0.2829,0.0498
G_mean: 0.4215: 0.3566,19.9801,74,900,4,4,86,0.5657,0.0147
G_mean: 0.0000: 0.3038,2.8974,198,2372,93,6,40,0.6606,0.0321
G_mean: 0.0000: 0.6212,16.7495,114,276,59,6,75,0.4223,0.0547
G_mean: 0.0000: 0.9761,16.8673,241,913,77,5,80,0.8195,0.0016
G_mean: 0.0000: 0.891,15.087,187,1116,14,4,70,0.9458,0.0968
G_mean: 0.0000: 0.3519,8.8399,274,642,86,5,68,0.4552,0.0332
G_mean: 0.2703: 0.6413,17.9998,183,212,59,8,71,0.28,0.0126
G_mean: 0.9113: 0.4124,8.5579,58,1725,77,6,69,0.4157,0.0274
G_mean: 0.0000: 0.0706,16.4031,209,1180,51,3,14,0.07,0.0785
G_mean: 0.0000: 0.6804,3.2405,201,531,77,7,57,0.3419,0.086
G_mean: 0.0000: 0.0454,5.1782,270,221,70,4,23,0.15,0.0444
G_mean: 0.7036: 0.108,13.0253,111,1098,92,2,32,0.4179,0.0192
G_mean: 0.0000: 0.985,18.8758,259,1630,68,4,13,0.0066,0.0027
Step: 0, max G_mean: 0.9112736034910593, hyperparameter: [0.4124185427710664, 8.55791495218817, 57.80924888952951, 1725.4042259952494, 76.61620229780655, 5.6323991199607, 68.90220172603351, 0.4156690189860679, 0.027379206311688574]
Round: 1, Step 1
G_mean: 0.4097: 0.8157,19.9155,75,888,74,7,99,0.0832,0.0701
G_mean: 0.0000: 0.5267,7.5203,197,1033,14,4,20,0.9705,0.0639
G_mean: 0.7664: 0.5858,12.8869,37,560,71,10,65,0.0938,0.0379
G_mean: 0.0000: 0.3101,4.7906,134,1346,45,2,6,0.8183,0.0934
G_mean: 0.0000: 0.4305,11.2002,98,671,43,2,5,0.3016,0.0592
G_mean: 0.7059: 0.8214,15.0273,111,523,69,2,89,0.2846,0.0155
G_mean: 0.0000: 0.7949,14.7944,11,1654,51,5,5,0.6994,0.0617
G_mean: 0.0000: 0.3219,6.7333,240,852,27,9,78,0.0094,0.0445
G_mean: 0.3693: 0.8689,6.6131,11,1408,54,8,26,0.9278,0.0119
G_mean: 0.3693: 0.3499,6.6034,37,472,67,5,31,0.3461,0.0283
G_mean: 0.3679: 0.2827,13.5304,165,1247,63,6,2,0.9348,0.0685
G_mean: 0.0000: 0.5564,16.2108,197,1018,68,5,3,0.3065,0.0701
G_mean: 0.0000: 0.3969,9.431,98,24,8,7,56,0.592,0.0986
G_mean: 0.6007: 0.2106,4.4732,133,2500,68,2,28,0.3073,0.0038
G_mean: 0.3693: 0.8286,8.5627,23,763,55,10,90,0.8145,0.0776
G_mean: 0.5182: 0.8232,14.0651,96,1186,13,9,11,0.8049,0.0187
G_mean: 0.3922: 0.9774,11.2178,95,774,54,1,13,0.5905,0.0458
G_mean: 0.3015: 0.0604,7.2652,64,779,86,2,7,0.7587,0.0809
G_mean: 0.0000: 0.6865,10.1502,222,778,47,3,4,0.5052,0.0986
G_mean: 0.0000: 0.5108,9.6755,131,1051,4,8,4,0.3831,0.0863
G_mean: 0.3679: 0.1222,5.3394,242,171,44,6,31,0.0474,0.0931
G_mean: 0.0000: 0.1797,17.0657,168,1390,47,4,38,0.1539,0.0488
G_mean: 0.0000: 0.4656,9.7634,262,747,74,9,42,0.2583,0.0566
G_mean: 0.0000: 0.1813,1.9793,164,1672,64,10,49,0.012,0.0888
G_mean: 0.7568: 0.7809,11.1727,113,1459,18,4,13,0.2829,0.0498
G_mean: 0.7862: 0.3566,19.9801,74,900,4,4,86,0.5657,0.0147
G_mean: 0.0000: 0.8088,10.3565,183,212,59,8,79,0.2249,0.0359
G_mean: 0.6934: 0.5529,8.5579,58,636,77,6,34,0.374,0.0274
G_mean: 0.5937: 0.594,8.8562,209,998,8,2,67,0.6247,0.0786
G_mean: 0.3015: 0.8672,10.4722,206,1098,92,9,32,0.9783,0.0485
Step: 1, max G_mean: 0.9112736034910593, hyperparameter: [0.4124185427710664, 8.55791495218817, 57.80924888952951, 1725.4042259952494, 76.61620229780655, 5.6323991199607, 68.90220172603351, 0.4156690189860679, 0.027379206311688574]
Round: 1, Step 2
G_mean: 0.7447: 0.5858,12.8869,37,560,71,10,65,0.0938,0.0379
G_mean: 0.5597: 0.8789,8.5653,132,1346,19,2,23,0.8183,0.0482
G_mean: 0.0000: 0.4305,3.2837,98,671,43,4,63,0.3016,0.0592
G_mean: 0.3015: 0.9138,15.0273,101,2097,25,2,89,0.2846,0.0155
G_mean: 0.0000: 0.436,14.5247,135,1718,2,2,78,0.0094,0.0521
G_mean: 0.7447: 0.5288,16.2646,11,1441,13,5,70,0.7112,0.0119
G_mean: 0.7885: 0.3499,6.6034,23,1205,49,9,31,0.3461,0.0066
G_mean: 0.0000: 0.4996,16.2108,141,1414,43,5,3,0.3065,0.0473
G_mean: 0.8161: 0.9998,14.0184,87,1337,8,7,8,0.592,0.0986
G_mean: 0.7357: 0.1398,4.4732,133,1308,68,5,28,0.5876,0.0038
G_mean: 0.7822: 0.5915,6.2446,23,1777,28,6,90,0.1551,0.0776
G_mean: 0.0000: 0.8232,14.0651,96,1481,70,9,25,0.0867,0.0187
G_mean: 0.2099: 0.4746,9.8482,261,779,86,2,46,0.3499,0.0809
G_mean: 0.0000: 0.6865,10.8646,222,2189,47,3,4,0.5052,0.0683
G_mean: 0.3693: 0.3132,17.0657,156,1390,47,2,38,0.7013,0.0488
G_mean: 0.0000: 0.7809,11.1727,184,1459,21,4,72,0.2829,0.0498
G_mean: 0.9535: 0.3566,17.8589,74,2066,4,4,86,0.5657,0.0147
G_mean: 0.0000: 0.4124,10.9925,235,949,7,2,48,0.5964,0.0843
G_mean: 0.3015: 0.594,8.8562,229,998,8,2,67,0.6247,0.0786
G_mean: 0.8108: 0.108,13.0253,111,1098,92,2,55,0.4179,0.0589
Step: 2, max G_mean: 0.9534625892455924, hyperparameter: [0.356561725794705, 17.858873640177993, 74.36631336853262, 2065.8959385564926, 3.55572821090995, 4.220269896053779, 86.3334533111905, 0.5657005760462805, 0.014724110105345686]
Round: 1, Step 3
G_mean: 0.0000: 0.998,12.8869,130,560,71,10,10,0.113,0.0379
G_mean: 0.8940: 0.2584,18.8334,11,2353,13,5,99,0.4316,0.0486
G_mean: 0.7999: 0.3499,6.6034,109,1038,67,3,22,0.3461,0.0066
G_mean: 0.8228: 0.9998,14.0184,87,1337,8,7,79,0.592,0.0986
G_mean: 0.0000: 0.5915,6.2446,215,1777,28,6,7,0.1551,0.0776
G_mean: 0.8159: 0.8232,14.0651,96,1186,84,9,25,0.0867,0.0187
G_mean: 0.6908: 0.6865,10.1502,78,2189,47,3,4,0.3876,0.0365
G_mean: 0.7977: 0.3566,17.8589,74,2066,83,4,86,0.5657,0.0147
G_mean: 0.7071: 0.4124,8.5579,58,1725,77,6,69,0.4157,0.0274
G_mean: 0.7044: 0.4375,13.0253,111,1098,74,2,62,0.4179,0.032
Step: 3, max G_mean: 0.9534625892455924, hyperparameter: [0.356561725794705, 17.858873640177993, 74.36631336853262, 2065.8959385564926, 3.55572821090995, 4.220269896053779, 86.3334533111905, 0.5657005760462805, 0.014724110105345686]
Round: 1, Step 4
G_mean: 0.7946: 0.2584,18.1267,11,2353,5,5,92,0.4316,0.0486
G_mean: 0.8526: 0.3499,6.6034,72,2364,11,3,31,0.3461,0.0157
G_mean: 0.0000: 0.4118,10.1502,57,2189,47,3,4,0.5052,0.027
G_mean: 0.8219: 0.3613,16.8545,74,2066,11,4,86,0.5657,0.0157
G_mean: 0.8688: 0.4124,8.5579,58,1725,77,6,69,0.4157,0.0172
Step: 4, max G_mean: 0.9534625892455924, hyperparameter: [0.356561725794705, 17.858873640177993, 74.36631336853262, 2065.8959385564926, 3.55572821090995, 4.220269896053779, 86.3334533111905, 0.5657005760462805, 0.014724110105345686]
computational time: 1.7049282119444444 h
