Round: 8, Step 0
G_mean: 0.2267: 0.5422,1.1622,100,1716,55,9,78,0.0545,0.0376
G_mean: 0.7477: 0.2084,8.3671,65,2278,72,1,7,0.3021,0.0435
G_mean: 0.0000: 0.5665,3.0211,255,162,71,2,68,0.4611,0.0333
G_mean: 0.0000: 0.7798,1.4112,222,143,24,8,16,0.4005,0.0576
G_mean: 0.6716: 0.3102,1.5593,56,1018,97,6,45,0.5688,0.0409
G_mean: 0.0000: 0.7661,5.8138,285,2220,11,6,42,0.1494,0.0462
G_mean: 0.7687: 0.2512,4.1525,53,1786,75,4,36,0.3018,0.0639
G_mean: 0.0000: 0.2771,13.432,122,534,27,7,52,0.2711,0.0396
G_mean: 0.0000: 0.9261,12.763,169,1268,90,5,74,0.9132,0.0759
G_mean: 0.0000: 0.4358,2.4369,50,124,92,4,77,0.5188,0.0558
G_mean: 0.2132: 0.3655,1.1166,58,2282,90,8,39,0.9068,0.046
G_mean: 0.0000: 0.9128,3.7938,208,34,40,2,12,0.9442,0.076
G_mean: 0.4248: 0.8462,2.7898,38,332,12,6,85,0.1999,0.0892
G_mean: 0.0000: 0.5909,5.1419,58,605,73,5,80,0.0639,0.0433
G_mean: 0.7657: 0.9401,15.6532,145,1774,75,2,68,0.7534,0.0137
G_mean: 0.0000: 0.8586,10.9208,266,1452,71,2,21,0.8152,0.0254
G_mean: 0.0000: 0.8986,10.2767,224,1413,63,6,68,0.8865,0.0617
G_mean: 0.1183: 0.3313,7.8279,204,175,95,5,40,0.2219,0.0515
G_mean: 0.4933: 0.0231,17.2994,258,377,16,9,42,0.3307,0.0068
G_mean: 0.0000: 0.0606,1.5392,205,1028,49,2,20,0.1461,0.0491
G_mean: 0.6347: 0.4899,8.3753,50,360,24,3,86,0.5447,0.0968
G_mean: 0.0000: 0.457,14.6575,170,74,49,10,16,0.7159,0.013
G_mean: 0.4523: 0.0001,4.7633,147,711,64,8,89,0.7395,0.0925
G_mean: 0.7854: 0.9713,15.2007,274,2037,1,2,87,0.0302,0.0661
G_mean: 0.8790: 0.4649,9.0713,186,1884,5,3,39,0.4484,0.0482
G_mean: 0.7977: 0.5244,16.9293,27,2581,62,7,82,0.5341,0.0933
G_mean: 0.0000: 0.1834,17.6029,193,722,11,6,50,0.7953,0.0488
G_mean: 0.0000: 0.3232,8.3948,296,606,94,9,27,0.1821,0.0145
G_mean: 0.7880: 0.8874,8.0135,147,574,88,7,89,0.849,0.0024
G_mean: 0.7290: 0.1925,16.7175,224,2639,6,2,42,0.2064,0.0357
G_mean: 0.4248: 0.812,17.959,88,351,92,7,81,0.2151,0.0202
G_mean: 0.0000: 0.7906,18.0882,258,1562,35,5,49,0.3414,0.0189
G_mean: 0.7118: 0.9029,2.504,102,1583,23,1,31,0.5887,0.0119
G_mean: 0.0000: 0.8252,11.8103,183,1474,48,3,66,0.6522,0.0193
G_mean: 0.0000: 0.2599,19.9458,280,930,44,3,76,0.5775,0.0676
G_mean: 0.0000: 0.1048,14.5883,134,1714,58,7,88,0.1617,0.0993
G_mean: 0.0000: 0.4834,6.8655,202,1100,71,3,93,0.3663,0.0923
G_mean: 0.0000: 0.8418,8.0397,114,1532,91,2,36,0.0158,0.0138
G_mean: 0.0000: 0.2754,15.4197,275,1081,50,1,11,0.5284,0.0443
G_mean: 0.0000: 0.2375,16.2039,241,2174,57,3,24,0.5832,0.0948
G_mean: 0.8193: 0.5237,1.4835,220,1361,88,2,30,0.2487,0.0413
G_mean: 0.0000: 0.2332,3.699,282,1982,8,1,42,0.6924,0.0221
G_mean: 0.7885: 0.9863,10.2145,23,1383,26,2,70,0.3403,0.0376
G_mean: 0.0000: 0.442,14.9919,44,77,94,8,89,0.2769,0.0501
G_mean: 0.0000: 0.43,17.1561,258,1256,21,7,83,0.8473,0.0969
G_mean: 0.8462: 0.2132,16.0224,178,2118,99,4,63,0.2412,0.005
G_mean: 0.0000: 0.4951,6.6635,190,1119,53,5,84,0.9324,0.0715
G_mean: 0.8587: 0.9311,19.5759,53,1150,47,8,87,0.2664,0.065
G_mean: 0.0000: 0.1844,1.1622,131,1716,55,9,78,0.0281,0.042
G_mean: 0.5619: 0.2084,14.8201,65,2278,72,1,7,0.3021,0.0435
G_mean: 0.0000: 0.5665,3.0211,255,162,71,2,68,0.4611,0.0333
G_mean: 0.0000: 0.2409,1.4112,222,143,24,8,16,0.4005,0.0576
G_mean: 0.7698: 0.3102,12.7831,56,1018,61,6,48,0.5688,0.0409
G_mean: 0.0000: 0.7661,9.2124,279,1295,11,6,42,0.1494,0.0462
G_mean: 0.6961: 0.1121,4.1525,53,1786,75,10,36,0.3018,0.0639
G_mean: 0.0000: 0.3421,13.432,159,534,65,7,52,0.2711,0.0396
G_mean: 0.5017: 0.4734,12.763,169,635,90,1,74,0.3207,0.0759
G_mean: 0.3003: 0.4358,12.3152,50,124,92,4,77,0.5188,0.0318
G_mean: 0.3003: 0.3655,5.927,58,2282,73,5,68,0.7952,0.0916
G_mean: 0.0000: 0.8658,3.7938,208,2059,40,2,12,0.9442,0.0018
G_mean: 0.4749: 0.8462,2.7898,78,485,12,2,71,0.1999,0.061
G_mean: 0.2132: 0.5909,5.1419,58,605,73,9,9,0.9755,0.0433
G_mean: 0.1832: 0.9401,15.6532,230,1774,58,2,68,0.7534,0.0374
G_mean: 0.0000: 0.8586,17.8511,171,1981,71,2,21,0.8152,0.0254
G_mean: 0.0000: 0.8986,10.2767,155,1413,52,6,75,0.8865,0.0617
G_mean: 0.0000: 0.3313,7.8279,204,348,95,5,40,0.2219,0.0515
G_mean: 0.0000: 0.6044,17.2994,218,391,16,9,42,0.9671,0.0904
G_mean: 0.0000: 0.9456,1.5392,98,1028,49,4,29,0.1461,0.0491
G_mean: 0.7357: 0.4899,8.3753,50,1275,24,3,86,0.5447,0.0968
G_mean: 0.3015: 0.457,19.0103,170,74,49,4,16,0.1479,0.013
G_mean: 0.5622: 0.8009,4.7633,147,1620,64,8,89,0.7395,0.0925
G_mean: 0.0000: 0.9713,15.2007,151,2037,1,4,87,0.0302,0.0661
G_mean: 0.5222: 0.4649,9.0713,186,1884,5,3,39,0.4484,0.0482
G_mean: 0.8528: 0.5244,14.0857,27,2581,30,7,82,0.5341,0.0841
G_mean: 0.0000: 0.1834,17.6029,193,298,11,6,50,0.7953,0.0488
G_mean: 0.9237: 0.2883,8.0135,147,2701,88,7,89,0.849,0.0024
G_mean: 0.0000: 0.1925,10.0491,224,2639,67,2,42,0.5493,0.0357
G_mean: 0.2132: 0.4923,17.959,62,351,51,7,88,0.2151,0.0202
G_mean: 0.0000: 0.6526,18.0882,258,930,59,5,59,0.3414,0.049
G_mean: 0.3015: 0.5461,2.504,102,668,23,1,31,0.7127,0.0203
G_mean: 0.0836: 0.8252,11.8103,183,1474,77,3,72,0.8743,0.0193
G_mean: 0.5597: 0.0257,19.9458,97,930,44,3,76,0.5775,0.0604
G_mean: 0.2132: 0.1048,14.5883,134,1714,35,5,95,0.1617,0.0993
G_mean: 0.0000: 0.4834,13.02,273,1100,71,3,93,0.3663,0.0923
G_mean: 0.8723: 0.8418,8.0397,114,1532,91,2,80,0.0158,0.0138
G_mean: 0.2132: 0.2754,15.4197,42,1081,94,1,11,0.5284,0.0443
G_mean: 0.5597: 0.2375,16.2039,257,2174,57,2,24,0.1799,0.0381
G_mean: 0.6297: 0.2332,7.0739,282,1982,59,1,42,0.6924,0.0221
G_mean: 0.0000: 0.9863,10.2145,179,1478,29,2,70,0.3403,0.0376
G_mean: 0.0000: 0.442,14.9919,129,77,94,8,79,0.4217,0.0501
G_mean: 0.4712: 0.43,16.6308,258,943,21,7,83,0.8473,0.0969
G_mean: 0.0000: 0.2132,17.3398,113,1004,99,4,63,0.2412,0.0591
G_mean: 0.0000: 0.4951,16.5473,190,614,53,4,84,0.7068,0.0715
G_mean: 0.6030: 0.2588,19.5759,51,1150,47,4,87,0.2664,0.065
Step: 0, max G_mean: 0.9236594898266639, hyperparameter: [0.28830120721660146, 8.013506846371763, 147.08928072272133, 2700.8479964791877, 88.25548680633631, 6.878887895377282, 89.37080853890724, 0.8489948436890539, 0.0023674022915271755]
Round: 8, Step 1
G_mean: 0.7385: 0.5422,1.1622,15,1716,99,3,47,0.0545,0.0479
G_mean: 0.6742: 0.2084,8.3671,65,2278,72,1,7,0.3021,0.0435
G_mean: 0.0000: 0.3102,12.7831,56,714,61,6,48,0.6062,0.0754
G_mean: 0.8723: 0.2512,4.1525,53,1786,87,4,49,0.2892,0.0639
G_mean: 0.0953: 0.4734,5.4987,169,635,75,2,74,0.7055,0.0759
G_mean: 0.0000: 0.4358,10.2314,237,124,61,5,45,0.1922,0.0865
G_mean: 0.5162: 0.6756,5.927,58,1846,73,6,65,0.7952,0.0916
G_mean: 0.7300: 0.8462,2.7898,78,1939,12,6,71,0.1999,0.061
G_mean: 0.0000: 0.9401,15.6532,45,1774,75,1,68,0.9143,0.0137
G_mean: 0.0000: 0.933,17.2994,87,2144,16,9,42,0.3307,0.0068
G_mean: 0.2992: 0.4899,8.3753,50,1569,96,8,86,0.2918,0.0968
G_mean: 0.0000: 0.8431,19.0103,170,74,49,4,90,0.3145,0.0763
G_mean: 0.2132: 0.8009,4.7633,147,1620,64,8,42,0.7395,0.0925
G_mean: 0.0000: 0.9713,12.6931,274,2037,1,2,87,0.6516,0.0661
G_mean: 0.8940: 0.4649,17.8763,186,1884,5,3,39,0.5461,0.0226
G_mean: 0.7044: 0.4473,14.0857,27,2365,20,7,82,0.6816,0.0956
G_mean: 0.0000: 0.2883,8.0135,19,2701,88,7,89,0.849,0.0024
G_mean: 0.0000: 0.9012,16.7175,224,2639,6,2,42,0.2064,0.0357
G_mean: 0.0000: 0.812,17.959,88,351,92,7,86,0.2151,0.0202
G_mean: 0.9732: 0.3209,2.504,102,2280,23,10,31,0.5887,0.0119
G_mean: 0.3015: 0.0257,14.885,103,930,44,3,76,0.9525,0.0604
G_mean: 0.8446: 0.8418,8.0397,114,1532,91,2,80,0.0158,0.0138
G_mean: 0.0000: 0.3657,15.4197,42,1081,67,1,48,0.8519,0.0443
G_mean: 0.0000: 0.2375,16.2039,227,2174,57,4,24,0.1799,0.0741
G_mean: 0.0000: 0.8787,1.4835,220,1361,88,2,78,0.2487,0.0673
G_mean: 0.0000: 0.2332,7.0739,278,1982,88,1,42,0.6924,0.0712
G_mean: 0.5202: 0.9863,10.2145,23,1383,15,4,70,0.9513,0.0376
G_mean: 0.3679: 0.43,16.6308,195,943,21,7,83,0.5127,0.0969
G_mean: 0.8757: 0.802,16.0224,73,2118,63,4,85,0.2412,0.005
G_mean: 0.0000: 0.9311,19.5759,53,2189,86,8,87,0.6211,0.065
Step: 1, max G_mean: 0.9732434419007391, hyperparameter: [0.32086822574124163, 2.504018489590444, 101.60514299067891, 2280.0820768867156, 22.605080183934817, 9.96425872101766, 31.134871655280843, 0.588739462445964, 0.011858593261943069]
Round: 8, Step 2
G_mean: 0.8757: 0.5547,1.1622,15,1716,99,3,32,0.199,0.0489
G_mean: 0.7290: 0.2084,16.7914,65,2529,72,1,7,0.3021,0.0435
G_mean: 0.6030: 0.3102,6.8349,55,2622,61,6,48,0.5688,0.0409
G_mean: 0.8654: 0.2876,4.1525,31,1786,87,4,49,0.4812,0.0639
G_mean: 0.2132: 0.7602,2.7898,78,2110,26,6,71,0.2447,0.061
G_mean: 0.4453: 0.9401,14.2159,145,2309,75,6,68,0.664,0.0137
G_mean: 0.7600: 0.4899,13.7302,50,2488,24,2,86,0.5447,0.0968
G_mean: 0.0000: 0.8009,12.2324,147,1620,64,8,89,0.8157,0.0925
G_mean: 0.0000: 0.9713,15.2007,274,2037,16,4,87,0.0302,0.0276
G_mean: 0.0000: 0.4649,17.8763,186,1884,5,3,39,0.5461,0.0226
G_mean: 0.8891: 0.5244,14.0857,27,2581,30,7,82,0.5341,0.0841
G_mean: 0.0000: 0.0524,8.0135,18,2701,63,7,89,0.849,0.0408
G_mean: 0.0000: 0.1925,14.4586,224,2639,6,2,42,0.2064,0.0303
G_mean: 0.6007: 0.545,2.7841,27,784,99,5,25,0.5887,0.0119
G_mean: 0.8064: 0.7706,8.0397,114,1532,91,2,80,0.0158,0.0138
G_mean: 0.2811: 0.5237,1.4835,220,1361,28,2,76,0.2487,0.0413
G_mean: 0.7598: 0.925,7.0739,60,1982,63,1,42,0.6924,0.0221
G_mean: 0.7628: 0.9863,16.9222,23,1383,26,10,70,0.6351,0.0454
G_mean: 0.7759: 0.802,16.0224,73,757,63,4,85,0.1867,0.005
G_mean: 0.6030: 0.2853,10.9133,53,1150,49,4,28,0.2664,0.065
Step: 2, max G_mean: 0.9732434419007391, hyperparameter: [0.32086822574124163, 2.504018489590444, 101.60514299067891, 2280.0820768867156, 22.605080183934817, 9.96425872101766, 31.134871655280843, 0.588739462445964, 0.011858593261943069]
Round: 8, Step 3
G_mean: 0.7357: 0.5547,1.1622,65,1471,99,4,32,0.199,0.0489
G_mean: 0.1484: 0.2512,4.1525,203,2020,10,4,49,0.688,0.022
G_mean: 0.3693: 0.4649,17.8763,214,1884,5,3,39,0.5461,0.0226
G_mean: 0.0000: 0.5244,14.0857,210,2581,30,7,82,0.8683,0.0841
G_mean: 0.0000: 0.2883,8.0135,207,2701,88,7,89,0.849,0.0024
G_mean: 0.6664: 0.2436,2.504,102,2280,23,10,31,0.6848,0.0119
G_mean: 0.7385: 0.8418,8.0397,114,1949,3,2,80,0.0158,0.0138
G_mean: 0.7357: 0.4642,1.4835,220,1361,88,2,30,0.2487,0.0413
G_mean: 0.8929: 0.802,11.4628,73,2118,63,3,85,0.2412,0.005
G_mean: 0.0000: 0.283,19.5759,256,1150,21,2,87,0.2664,0.0345
Step: 3, max G_mean: 0.9732434419007391, hyperparameter: [0.32086822574124163, 2.504018489590444, 101.60514299067891, 2280.0820768867156, 22.605080183934817, 9.96425872101766, 31.134871655280843, 0.588739462445964, 0.011858593261943069]
computational time: 1.6041222530555557 h
