Round: 6, Step 0
G_mean: 0.0000: 0.3543,13.9673,76,68,70,4,69,0.9779,0.06
G_mean: 0.8652: 0.9076,17.0507,231,87,43,7,12,0.9176,0.0137
G_mean: 0.9069: 0.9106,15.5357,30,79,46,9,59,0.3165,0.0488
G_mean: 0.6546: 0.4362,11.9532,243,29,44,1,3,0.6282,0.0278
G_mean: 0.8272: 0.9908,8.7831,114,33,60,9,18,0.8078,0.0486
G_mean: 0.8437: 0.1493,8.2609,192,42,29,4,6,0.6128,0.0556
G_mean: 0.7463: 0.0069,10.5071,241,37,55,9,56,0.2848,0.0807
G_mean: 0.8784: 0.4715,4.1665,190,32,79,9,24,0.1559,0.0764
G_mean: 0.7851: 0.2809,13.2163,169,48,48,7,97,0.5163,0.0099
G_mean: 0.7578: 0.2597,9.9666,86,83,44,7,91,0.8756,0.0093
G_mean: 0.7117: 0.6699,8.6795,180,19,10,9,17,0.6148,0.0898
G_mean: 0.8440: 0.3553,14.8706,260,39,67,7,38,0.164,0.0758
G_mean: 0.7612: 0.1996,11.904,40,27,68,4,90,0.8679,0.0925
G_mean: 0.8970: 0.1712,1.9762,103,42,90,5,89,0.4093,0.0296
G_mean: 0.6891: 0.4631,19.5314,208,94,59,6,55,0.7762,0.0073
G_mean: 0.8731: 0.4583,12.0795,269,71,98,8,15,0.1091,0.0632
G_mean: 0.8577: 0.6901,10.1742,63,38,85,8,42,0.2919,0.0468
G_mean: 0.8395: 0.8869,2.819,82,60,19,5,62,0.8568,0.0596
G_mean: 0.8216: 0.6775,14.8754,160,43,16,5,73,0.8604,0.0849
G_mean: 0.8125: 0.9066,15.4266,264,76,63,5,39,0.4435,0.0354
G_mean: 0.8619: 0.6918,13.6633,111,80,73,9,41,0.6565,0.0791
G_mean: 0.8378: 0.8195,19.6158,186,49,84,2,63,0.3597,0.0801
G_mean: 0.8607: 0.0041,16.0323,49,90,23,7,84,0.1138,0.0635
G_mean: 0.8951: 0.5931,8.4656,29,79,36,7,49,0.2125,0.0548
G_mean: 0.8245: 0.2298,5.4689,12,41,43,7,52,0.5575,0.0283
G_mean: 0.8751: 0.7924,13.6956,29,91,60,6,82,0.3664,0.0481
G_mean: 0.4591: 0.3379,12.2835,52,9,19,7,26,0.5092,0.0237
G_mean: 0.6174: 0.1855,9.1399,180,19,82,2,91,0.6172,0.0054
G_mean: 0.7336: 0.7621,7.7291,184,22,23,5,3,0.7729,0.0819
G_mean: 0.2533: 0.9171,8.9563,133,6,52,3,20,0.7391,0.0197
G_mean: 0.8345: 0.8734,14.9975,84,36,54,5,7,0.7218,0.0515
G_mean: 0.8432: 0.3593,13.5098,138,59,23,6,99,0.876,0.0272
G_mean: 0.7449: 0.1483,5.1819,264,20,11,7,31,0.1285,0.0443
G_mean: 0.8973: 0.8744,1.6686,221,77,6,2,99,0.4664,0.0096
G_mean: 0.6174: 0.7228,17.6348,82,16,53,9,68,0.0208,0.0782
G_mean: 0.8952: 0.834,3.5666,79,42,32,6,82,0.1819,0.0984
G_mean: 0.7994: 0.3294,19.5464,96,55,11,5,26,0.1096,0.0497
G_mean: 0.8237: 0.0761,15.5618,266,38,52,3,65,0.0667,0.07
G_mean: 0.8367: 0.9554,18.7873,173,86,16,8,13,0.4649,0.0704
G_mean: 0.7463: 0.6967,17.6723,70,31,83,8,67,0.4345,0.0686
G_mean: 0.7044: 0.5875,19.191,70,23,90,4,33,0.747,0.0623
G_mean: 0.7691: 0.2287,1.3743,80,9,30,6,80,0.0074,0.0964
G_mean: 0.8903: 0.5681,16.5426,245,68,90,7,42,0.7618,0.069
G_mean: 0.8808: 0.3109,10.2816,60,94,53,7,18,0.6233,0.0486
G_mean: 0.8689: 0.6037,5.3515,32,55,34,7,7,0.5715,0.0797
G_mean: 0.6669: 0.0231,11.2988,149,17,32,7,13,0.8002,0.0945
G_mean: 0.8434: 0.8535,12.4572,272,68,78,5,30,0.8358,0.0908
G_mean: 0.8311: 0.8494,12.4926,162,50,93,2,77,0.1192,0.0479
G_mean: 0.8278: 0.4362,3.0231,222,20,83,6,87,0.2621,0.0978
G_mean: 0.0000: 0.0113,9.6041,237,33,26,9,17,0.6419,0.0778
G_mean: 0.0000: 0.3543,13.9673,76,68,70,5,69,0.9779,0.06
G_mean: 0.7925: 0.9076,17.0507,53,87,28,7,34,0.5969,0.0137
G_mean: 0.8805: 0.8492,15.5357,30,79,46,9,59,0.3165,0.0488
G_mean: 0.8736: 0.4362,13.8809,108,71,44,1,3,0.6282,0.0278
G_mean: 0.8492: 0.9908,10.1023,114,59,99,8,18,0.4933,0.0669
G_mean: 0.8558: 0.1493,16.4573,201,42,12,8,6,0.6128,0.0556
G_mean: 0.8345: 0.0069,5.7833,241,92,55,7,32,0.2848,0.0581
G_mean: 0.8417: 0.4715,4.1665,198,32,79,9,42,0.1559,0.0764
G_mean: 0.3933: 0.0783,13.2163,169,48,48,7,97,0.5163,0.0099
G_mean: 0.7048: 0.2597,9.9666,86,58,44,10,91,0.8756,0.087
G_mean: 0.7748: 0.6699,8.6795,139,19,10,7,17,0.2267,0.0898
G_mean: 0.7899: 0.3553,14.8706,260,32,67,7,38,0.164,0.0758
G_mean: 0.7329: 0.1996,19.1068,40,27,68,4,67,0.8679,0.0925
G_mean: 0.9025: 0.1712,1.9762,103,42,90,5,61,0.4093,0.0949
G_mean: 0.8733: 0.4631,19.5314,271,94,59,4,55,0.7762,0.0593
G_mean: 0.7403: 0.4583,12.0795,269,71,30,1,15,0.1091,0.0556
G_mean: 0.8772: 0.0648,11.2845,131,85,85,7,42,0.2919,0.0468
G_mean: 0.8611: 0.8869,2.819,82,60,19,5,62,0.8568,0.0596
G_mean: 0.7469: 0.6775,14.8754,23,43,16,5,73,0.8604,0.0849
G_mean: 0.8556: 0.9066,15.4266,126,82,26,7,39,0.4435,0.0354
G_mean: 0.8568: 0.6918,13.6633,105,80,73,9,41,0.6565,0.0615
G_mean: 0.8107: 0.8236,17.3421,186,62,84,2,63,0.5255,0.0116
G_mean: 0.8597: 0.6933,16.0323,92,90,23,7,84,0.1138,0.0635
G_mean: 0.8778: 0.5931,8.4656,29,79,67,3,49,0.6168,0.0548
G_mean: 0.8741: 0.2298,5.4689,54,41,36,7,52,0.5575,0.0283
G_mean: 0.8506: 0.9219,13.6956,46,91,60,6,82,0.3664,0.0481
G_mean: 0.5281: 0.3379,12.2835,52,9,19,7,26,0.5092,0.0237
G_mean: 0.9001: 0.1855,9.1399,180,59,59,2,91,0.6172,0.0407
G_mean: 0.6367: 0.5137,17.864,45,16,23,6,3,0.7729,0.0819
G_mean: 0.9143: 0.9171,8.9563,223,65,52,3,24,0.7391,0.0197
G_mean: 0.7936: 0.3651,14.9975,84,36,54,5,64,0.7218,0.0393
G_mean: 0.8300: 0.3593,13.5098,138,59,23,6,99,0.876,0.0272
G_mean: 0.8393: 0.1483,5.1819,264,21,11,7,4,0.1285,0.0443
G_mean: 0.9151: 0.6443,1.3299,109,92,27,2,46,0.4664,0.0096
G_mean: 0.8666: 0.7228,17.6348,82,75,53,9,68,0.0208,0.0782
G_mean: 0.8566: 0.5293,14.6532,79,71,43,6,82,0.1819,0.0984
G_mean: 0.8083: 0.3294,17.8391,96,55,19,8,26,0.5339,0.0497
G_mean: 0.8406: 0.0761,15.5618,155,48,52,3,65,0.2624,0.0975
G_mean: 0.8656: 0.4988,17.3501,173,86,16,8,49,0.4649,0.0704
G_mean: 0.8631: 0.6967,17.6723,124,60,83,2,67,0.4345,0.0285
G_mean: 0.7026: 0.5875,19.191,70,23,90,7,33,0.4471,0.0623
G_mean: 0.8424: 0.2287,4.3776,80,24,30,6,80,0.0074,0.0525
G_mean: 0.8933: 0.5681,12.2624,245,68,90,7,42,0.7618,0.069
G_mean: 0.8594: 0.3109,8.9173,73,94,48,8,5,0.6233,0.0486
G_mean: 0.8328: 0.0475,15.6727,32,55,40,7,7,0.5715,0.0759
G_mean: 0.7140: 0.0231,11.2988,149,17,32,7,13,0.3413,0.0945
G_mean: 0.7439: 0.8535,12.4572,146,68,24,9,30,0.942,0.0835
G_mean: 0.6161: 0.8189,12.4926,25,8,93,2,77,0.1192,0.0134
G_mean: 0.8277: 0.3044,3.0231,222,20,83,6,87,0.2621,0.0978
G_mean: 0.8206: 0.0113,9.6041,237,31,26,9,17,0.2966,0.0778
Step: 0, max G_mean: 0.9151190631289927, hyperparameter: [0.6443139042546567, 1.3298858087652925, 108.8158172500098, 92.21537251191545, 26.5227277578288, 1.9383151144221529, 45.70509085425507, 0.4663918346644562, 0.009559524821033377]
Round: 6, Step 1
G_mean: 0.8058: 0.9076,9.2633,234,87,37,2,40,0.9176,0.0288
G_mean: 0.8575: 0.9106,15.5357,30,79,46,9,59,0.074,0.0488
G_mean: 0.8071: 0.3979,13.8809,108,71,44,1,3,0.8295,0.0278
G_mean: 0.9091: 0.9908,4.4405,95,59,99,8,18,0.6902,0.0669
G_mean: 0.0000: 0.1493,16.4573,201,42,12,8,6,0.6128,0.0543
G_mean: 0.9099: 0.4715,4.1665,179,63,79,9,24,0.1559,0.0764
G_mean: 0.8400: 0.3553,14.8706,188,53,67,7,74,0.164,0.0758
G_mean: 0.8726: 0.271,8.2865,56,42,90,8,61,0.5238,0.0351
G_mean: 0.8780: 0.4631,12.1802,76,74,59,4,40,0.6689,0.0348
G_mean: 0.8791: 0.4583,12.0795,157,71,62,8,98,0.1091,0.0632
G_mean: 0.8598: 0.0648,11.2845,131,58,87,7,42,0.2919,0.0468
G_mean: 0.8739: 0.8869,2.819,82,60,95,5,62,0.8568,0.0871
G_mean: 0.7846: 0.9066,15.4266,126,57,26,7,39,0.4435,0.0354
G_mean: 0.8903: 0.6918,7.0296,111,80,73,4,16,0.6565,0.0791
G_mean: 0.8022: 0.7855,16.0323,49,84,23,7,84,0.755,0.0567
G_mean: 0.8524: 0.5931,8.4656,29,79,36,9,27,0.771,0.0548
G_mean: 0.8135: 0.2298,12.9688,54,41,36,9,52,0.5575,0.0626
G_mean: 0.8915: 0.7924,6.6082,29,91,45,6,82,0.3664,0.0481
G_mean: 0.8802: 0.1855,9.1399,178,59,59,2,91,0.6157,0.0486
G_mean: 0.8888: 0.5622,5.6067,223,65,52,3,24,0.7391,0.0433
G_mean: 0.8473: 0.0741,8.6242,138,59,62,7,99,0.876,0.043
G_mean: 0.9003: 0.5792,1.3299,94,92,48,2,63,0.4664,0.0694
G_mean: 0.8154: 0.7228,17.6348,171,75,53,9,80,0.2095,0.0301
G_mean: 0.9092: 0.505,3.5666,79,42,95,3,74,0.1819,0.0479
G_mean: 0.8571: 0.4988,17.3501,175,86,16,5,49,0.4649,0.0762
G_mean: 0.8467: 0.6967,17.6723,120,60,83,2,64,0.4345,0.0854
G_mean: 0.8538: 0.5681,12.2624,245,82,90,7,42,0.7618,0.069
G_mean: 0.8334: 0.3109,18.931,79,94,53,7,21,0.6233,0.0486
G_mean: 0.8671: 0.6037,5.3515,92,55,34,3,65,0.5715,0.0797
G_mean: 0.8003: 0.8535,12.4572,272,52,36,5,30,0.0079,0.0908
Step: 1, max G_mean: 0.9151190631289927, hyperparameter: [0.6443139042546567, 1.3298858087652925, 108.8158172500098, 92.21537251191545, 26.5227277578288, 1.9383151144221529, 45.70509085425507, 0.4663918346644562, 0.009559524821033377]
Round: 6, Step 2
G_mean: 0.8248: 0.9106,15.5357,30,78,46,9,59,0.3165,0.0488
G_mean: 0.8500: 0.4362,9.2275,102,71,44,5,3,0.6282,0.0278
G_mean: 0.8876: 0.9908,4.4405,95,59,99,8,18,0.6902,0.0516
G_mean: 0.8959: 0.4715,4.2617,179,63,79,9,44,0.1559,0.0764
G_mean: 0.8819: 0.8844,1.9762,103,42,90,5,61,0.4093,0.0949
G_mean: 0.8716: 0.4631,8.1618,76,86,59,7,40,0.6704,0.0348
G_mean: 0.8802: 0.4583,12.0795,157,67,62,8,98,0.7159,0.0632
G_mean: 0.8216: 0.9694,11.2845,131,85,31,7,42,0.2919,0.0468
G_mean: 0.8499: 0.8869,2.819,82,60,77,6,96,0.8568,0.0387
G_mean: 0.9222: 0.6918,7.0296,116,59,63,4,16,0.1885,0.0791
G_mean: 0.8535: 0.5931,8.4656,94,68,36,5,74,0.8253,0.0548
G_mean: 0.8255: 0.3785,5.4689,54,41,36,7,52,0.5575,0.0468
G_mean: 0.7765: 0.7924,11.3752,29,91,45,6,82,0.3664,0.0839
G_mean: 0.8873: 0.1855,9.1399,188,53,59,2,91,0.6172,0.0368
G_mean: 0.8741: 0.9171,8.9563,223,65,52,3,24,0.7391,0.0197
G_mean: 0.9287: 0.5974,1.3299,109,82,72,2,46,0.4664,0.0096
G_mean: 0.8970: 0.505,3.5666,79,76,65,3,74,0.8328,0.0479
G_mean: 0.8916: 0.5681,11.567,27,91,90,7,30,0.7618,0.0771
G_mean: 0.0000: 0.4999,10.2816,252,76,85,7,18,0.9002,0.0844
G_mean: 0.9056: 0.8566,5.3515,32,61,34,3,7,0.2068,0.0797
Step: 2, max G_mean: 0.9287448685104582, hyperparameter: [0.5974395332230726, 1.3298858087652925, 108.8158172500098, 81.87640604102357, 71.7783517850021, 1.9383151144221529, 45.70509085425507, 0.4663918346644562, 0.009559524821033377]
Round: 6, Step 3
G_mean: 0.8575: 0.1581,15.5357,30,66,46,9,100,0.6978,0.0205
G_mean: 0.8828: 0.9908,4.4405,95,59,53,8,28,0.6902,0.0669
G_mean: 0.8992: 0.4715,4.1665,179,60,79,9,24,0.1559,0.0764
G_mean: 0.9145: 0.1712,1.9762,103,80,90,5,61,0.4093,0.0103
G_mean: 0.8868: 0.6918,7.0296,197,59,63,4,100,0.1885,0.0248
G_mean: 0.9136: 0.1855,1.4501,180,59,59,2,91,0.0713,0.0407
G_mean: 0.8094: 0.9171,8.9563,223,65,52,2,88,0.7391,0.0197
G_mean: 0.8858: 0.59,1.3299,109,82,72,2,46,0.4664,0.0096
G_mean: 0.8784: 0.505,3.5666,79,73,95,2,74,0.1819,0.0479
G_mean: 0.9151: 0.8566,6.5081,32,61,61,3,7,0.2068,0.0797
Step: 3, max G_mean: 0.9287448685104582, hyperparameter: [0.5974395332230726, 1.3298858087652925, 108.8158172500098, 81.87640604102357, 71.7783517850021, 1.9383151144221529, 45.70509085425507, 0.4663918346644562, 0.009559524821033377]
Round: 6, Step 4
G_mean: 0.9185: 0.1712,1.9762,118,80,90,2,61,0.4093,0.0042
G_mean: 0.7734: 0.6918,7.0296,34,61,61,4,16,0.1885,0.0791
G_mean: 0.8557: 0.8629,8.9563,35,65,52,3,24,0.7391,0.078
G_mean: 0.9157: 0.5974,1.3299,109,82,72,2,46,0.4664,0.0886
G_mean: 0.8915: 0.8566,6.5081,32,61,71,3,7,0.5147,0.0797
Step: 4, max G_mean: 0.9287448685104582, hyperparameter: [0.5974395332230726, 1.3298858087652925, 108.8158172500098, 81.87640604102357, 71.7783517850021, 1.9383151144221529, 45.70509085425507, 0.4663918346644562, 0.009559524821033377]
computational time: 2.483784324722222 h
