Round: 1, Step 0
G_mean: 0.7382: 0.6763,8.9786,12.6515,106,374,67,2,95,0.429,0.0401
G_mean: 0.8251: 0.2219,5.589,1.4393,259,878,14,2,89,0.4092,0.0337
G_mean: 0.8358: 0.0587,1.5452,1.5392,205,392,49,2,20,0.1461,0.0491
G_mean: 0.7187: 0.4899,4.4936,3.6419,48,250,23,9,55,0.968,0.0462
G_mean: 0.0000: 0.7188,5.9621,1.4537,150,1008,16,7,13,0.0001,0.0206
G_mean: 0.0000: 0.4712,3.338,13.0344,222,909,74,9,97,0.7474,0.0912
G_mean: 0.7155: 0.7512,1.0181,3.5128,263,41,66,5,43,0.6065,0.0697
G_mean: 0.5948: 0.0358,2.6607,8.301,140,493,53,9,7,0.9525,0.0619
G_mean: 0.3135: 0.6892,8.3607,11.1474,280,196,88,7,27,0.1049,0.0575
G_mean: 0.7446: 0.4968,8.1579,10.1778,104,405,99,3,94,0.9364,0.0271
G_mean: 0.7185: 0.1821,2.2247,17.8611,117,489,22,9,66,0.8926,0.0851
G_mean: 0.7446: 0.0138,2.7326,16.7175,224,998,6,2,42,0.2064,0.0357
G_mean: 0.7446: 0.812,9.0332,6.1373,47,938,62,8,22,0.1935,0.0793
G_mean: 0.7185: 0.8994,8.6871,11.925,110,467,49,4,19,0.9029,0.0088
G_mean: 0.7382: 0.3159,6.2442,5.1464,17,319,59,2,83,0.569,0.0601
G_mean: 0.7446: 0.5424,5.2585,5.1967,200,671,19,3,100,0.9302,0.0347
G_mean: 0.7475: 0.439,3.3545,15.3525,177,692,11,7,43,0.6314,0.0584
G_mean: 0.8852: 0.6148,8.872,4.0718,298,500,32,7,41,0.7118,0.0218
G_mean: 0.7251: 0.933,4.2964,18.5279,254,386,37,6,91,0.1284,0.0363
G_mean: 0.9596: 0.0158,2.1623,6.2329,230,937,40,5,6,0.1058,0.0533
G_mean: 0.0000: 0.4372,3.1973,3.671,239,834,81,10,67,0.0949,0.0282
G_mean: 0.7446: 0.2375,8.2019,16.1389,243,578,22,3,59,0.9474,0.0529
G_mean: 0.6774: 0.0254,7.5128,10.5097,264,171,30,3,41,0.2332,0.0151
G_mean: 0.9412: 0.9394,7.5743,2.3577,15,433,70,3,99,0.485,0.0054
G_mean: 0.7787: 0.5088,3.2904,3.0435,211,355,38,5,74,0.1161,0.0035
G_mean: 0.7317: 0.9374,8.0838,17.9058,90,513,44,9,86,0.4616,0.0213
G_mean: 0.0000: 0.7111,8.4722,17.0993,291,226,79,6,78,0.9898,0.0291
G_mean: 0.4318: 0.6291,3.1707,1.7661,289,119,96,9,88,0.7307,0.057
G_mean: 0.7446: 0.7966,4.0565,10.406,96,640,42,6,43,0.834,0.0933
G_mean: 0.7382: 0.7117,9.38,19.5759,53,438,47,8,87,0.2664,0.065
G_mean: 0.0703: 0.4374,8.0302,3.7802,224,88,5,8,89,0.2763,0.0894
G_mean: 0.0000: 0.8381,9.201,19.5971,288,575,26,9,97,0.7721,0.0628
G_mean: 0.7249: 0.7586,5.6507,15.4853,109,36,15,9,50,0.692,0.0374
G_mean: 0.8652: 0.8416,4.3606,3.3197,209,390,68,8,86,0.1011,0.0392
G_mean: 0.0000: 0.4329,7.5759,2.25,295,782,21,4,100,0.7239,0.0821
G_mean: 0.4790: 0.6279,7.2409,15.3012,74,241,62,9,44,0.9939,0.0389
G_mean: 0.7257: 0.237,8.9787,19.3364,86,493,90,3,10,0.6822,0.0281
G_mean: 0.7382: 0.2516,1.5033,5.4759,159,373,66,7,29,0.7401,0.0476
G_mean: 0.0000: 0.5191,6.7855,7.0104,264,653,39,10,22,0.5613,0.0486
G_mean: 0.9315: 0.7078,9.3212,5.22,78,924,12,4,52,0.3461,0.061
G_mean: 0.2587: 0.4599,1.4905,10.3553,98,605,14,7,3,0.9488,0.0279
G_mean: 0.7382: 0.2354,7.7851,17.5216,178,657,77,3,93,0.9915,0.0964
G_mean: 0.0000: 0.9919,4.4355,10.7494,182,875,4,2,16,0.6658,0.045
G_mean: 0.2668: 0.3802,7.993,7.5509,209,127,52,9,48,0.5744,0.0729
G_mean: 0.7446: 0.5307,1.6634,15.4853,128,346,56,10,9,0.2729,0.0676
G_mean: 0.7317: 0.4493,8.0315,8.2222,110,438,52,3,22,0.4584,0.0465
G_mean: 0.7251: 0.6404,2.6242,19.2427,138,857,86,3,8,0.7532,0.0101
G_mean: 0.0000: 0.293,5.5454,18.3336,151,808,25,6,38,0.1051,0.0976
G_mean: 0.0000: 0.9242,9.5355,2.0236,202,833,55,10,9,0.9168,0.0767
G_mean: 0.7446: 0.5785,6.0878,3.1454,50,841,51,1,91,0.8364,0.0357
G_mean: 0.7382: 0.6835,8.9786,12.6515,106,206,67,2,95,0.429,0.0401
G_mean: 0.1006: 0.2219,5.589,1.4393,259,878,14,8,89,0.4092,0.0766
G_mean: 0.8411: 0.0587,1.5452,16.0904,205,392,49,2,20,0.1461,0.0423
G_mean: 0.7590: 0.4899,4.4936,3.2903,48,250,58,9,34,0.968,0.0245
G_mean: 0.9378: 0.7188,6.001,1.4537,51,1008,16,3,13,0.0001,0.011
G_mean: 0.0235: 0.4054,3.338,6.9913,222,530,58,9,97,0.1067,0.0912
G_mean: 0.1329: 0.7512,1.0181,17.3002,260,41,66,5,43,0.1824,0.0353
G_mean: 0.7118: 0.5505,8.086,8.301,55,493,78,9,7,0.9525,0.0619
G_mean: 0.7057: 0.6892,6.4001,11.1474,280,196,88,4,53,0.972,0.0575
G_mean: 0.3918: 0.4968,8.1579,16.2091,239,405,99,10,94,0.9364,0.0271
G_mean: 0.7185: 0.1821,2.2247,17.8611,117,489,22,5,66,0.8926,0.0851
G_mean: 0.7446: 0.0138,6.4007,16.7175,90,998,6,2,42,0.1763,0.0357
G_mean: 0.8368: 0.812,9.0332,6.1373,47,715,62,8,22,0.1935,0.0771
G_mean: 0.7446: 0.8994,8.6871,5.2874,110,676,6,6,42,0.9029,0.0495
G_mean: 0.7185: 0.3159,2.5984,5.7183,17,319,59,10,83,0.569,0.0827
G_mean: 0.7446: 0.5424,5.2585,5.1967,200,671,19,6,41,0.7395,0.0347
G_mean: 0.7382: 0.439,3.3545,15.3525,177,692,49,7,43,0.6314,0.0131
G_mean: 0.8415: 0.8604,8.872,4.0718,75,500,54,7,41,0.7118,0.0218
G_mean: 0.7759: 0.933,4.2964,6.397,64,341,62,9,91,0.1284,0.0269
G_mean: 0.0000: 0.0158,9.5525,6.2329,230,937,40,8,44,0.2965,0.0533
G_mean: 0.1127: 0.2598,3.1973,17.2444,239,563,81,4,67,0.6516,0.0282
G_mean: 0.7890: 0.859,8.2019,16.1389,98,578,22,3,47,0.1145,0.0529
G_mean: 0.7051: 0.0254,7.5128,12.3143,264,171,30,3,41,0.1595,0.0151
G_mean: 0.9468: 0.9394,7.5743,2.3577,15,433,70,3,99,0.4601,0.0593
G_mean: 0.8618: 0.5088,3.2904,3.0435,80,355,38,5,74,0.0624,0.0035
G_mean: 0.8436: 0.9374,8.0838,14.172,90,513,44,9,86,0.4616,0.0467
G_mean: 0.7448: 0.1283,8.4722,8.9917,291,436,87,6,78,0.9898,0.0291
G_mean: 0.0000: 0.6291,1.1758,1.7661,289,119,96,9,88,0.7307,0.057
G_mean: 0.7022: 0.7966,4.0565,10.406,96,122,42,3,18,0.834,0.0523
G_mean: 0.7382: 0.7117,9.38,19.5759,53,438,44,8,87,0.2664,0.065
G_mean: 0.6981: 0.6497,8.0302,11.8249,219,88,5,8,89,0.2763,0.0894
G_mean: 0.3420: 0.8381,9.7083,19.5971,288,575,26,9,97,0.7721,0.0628
G_mean: 0.7257: 0.7586,5.6507,15.4853,109,36,39,9,50,0.4845,0.0374
G_mean: 0.2670: 0.8416,4.3606,3.3197,219,390,68,8,48,0.1011,0.0234
G_mean: 0.0000: 0.4329,7.5759,2.25,295,135,21,4,73,0.7239,0.0821
G_mean: 0.7382: 0.9563,7.2409,15.3012,74,562,62,9,20,0.0464,0.0812
G_mean: 0.7382: 0.237,8.9787,15.4227,254,493,27,3,19,0.6822,0.0281
G_mean: 0.7385: 0.9487,6.9257,5.4759,159,583,81,7,29,0.6867,0.0476
G_mean: 0.3610: 0.483,6.7855,7.0104,264,653,39,10,30,0.5613,0.0872
G_mean: 0.7352: 0.2202,9.3212,5.22,78,141,12,4,52,0.3461,0.061
G_mean: 0.7446: 0.4599,1.4905,10.3553,32,605,14,7,3,0.4127,0.0279
G_mean: 0.0000: 0.2354,7.7851,7.2038,178,288,77,6,93,0.1082,0.0958
G_mean: 0.7446: 0.1699,6.6147,15.4024,26,875,58,2,16,0.1691,0.084
G_mean: 0.0639: 0.3802,7.8007,10.2068,209,127,52,9,48,0.5744,0.0954
G_mean: 0.7446: 0.5307,1.6634,15.4853,128,346,56,10,9,0.2729,0.0676
G_mean: 0.8692: 0.3602,8.0315,8.2222,164,643,52,3,51,0.4584,0.0463
G_mean: 0.7446: 0.1669,2.6242,8.3335,138,857,86,3,8,0.7532,0.0101
G_mean: 0.0564: 0.293,5.5454,18.3336,151,808,25,6,38,0.1051,0.0976
G_mean: 0.7446: 0.9242,9.5355,2.0236,202,833,55,2,14,0.9168,0.0767
G_mean: 0.9406: 0.3743,6.7988,12.5659,50,841,51,1,91,0.8364,0.0357
Step: 0, max G_mean: 0.9596327386752259, hyperparameter: [0.015842338944185297, 2.162346438425181, 6.232888751646282, 230.09071665397443, 937.1221332753876, 40.29163522539495, 5.412909260436335, 5.88503002424528, 0.10576581333161494, 0.053308017702061554]
Round: 1, Step 1
G_mean: 0.7317: 0.2786,5.589,1.4393,259,878,14,2,89,0.4092,0.0706
G_mean: 0.8904: 0.5632,5.6137,11.2104,205,392,49,2,56,0.5471,0.0429
G_mean: 0.7446: 0.4899,4.4936,3.2903,48,600,58,9,65,0.968,0.0407
G_mean: 0.9769: 0.7188,6.001,1.4537,51,1008,16,5,21,0.0001,0.011
G_mean: 0.7382: 0.4968,8.1579,10.1778,22,405,99,3,94,0.9364,0.0271
G_mean: 0.7446: 0.0138,2.7326,16.7175,63,998,6,6,70,0.6025,0.0357
G_mean: 0.3098: 0.812,9.0332,7.4903,279,715,62,6,43,0.695,0.0764
G_mean: 0.7317: 0.8994,5.4945,5.2874,91,264,6,6,42,0.9029,0.0492
G_mean: 0.7185: 0.5424,1.2973,2.9171,120,258,19,9,100,0.9302,0.0347
G_mean: 0.0000: 0.439,3.3545,15.3525,177,400,81,4,42,0.2216,0.0584
G_mean: 0.7317: 0.6148,8.872,11.9152,72,500,32,7,41,0.7118,0.0317
G_mean: 0.0000: 0.933,4.2964,9.4322,198,341,54,8,71,0.8785,0.0368
G_mean: 0.6983: 0.0158,2.1623,14.0984,191,152,40,7,6,0.4417,0.0533
G_mean: 0.7446: 0.859,8.2019,9.7827,98,578,22,2,47,0.1145,0.0529
G_mean: 0.7446: 0.9394,7.5743,14.1315,113,433,70,3,39,0.4601,0.0694
G_mean: 0.7185: 0.0554,3.2904,3.0435,132,292,28,5,74,0.5231,0.0035
G_mean: 0.7446: 0.9374,8.0838,7.4592,90,389,44,9,8,0.2535,0.0467
G_mean: 0.7955: 0.1283,5.5445,8.9917,291,436,87,6,78,0.9898,0.0291
G_mean: 0.7185: 0.7966,4.0565,14.0027,96,340,42,6,43,0.834,0.0408
G_mean: 0.7382: 0.8416,4.3606,11.7495,209,390,68,2,77,0.1011,0.0392
G_mean: 0.1524: 0.4849,6.9257,5.4759,159,583,81,7,29,0.6867,0.0476
G_mean: 0.8769: 0.7078,9.3212,5.22,78,767,12,4,27,0.482,0.061
G_mean: 0.7221: 0.4599,4.531,10.3553,194,421,77,2,3,0.4127,0.0279
G_mean: 0.7385: 0.8475,7.7851,17.5216,178,657,77,3,46,0.9915,0.0964
G_mean: 0.9461: 0.1699,6.6147,13.6446,26,875,26,2,16,0.6729,0.084
G_mean: 0.7382: 0.5307,1.6634,8.5291,128,346,56,10,45,0.2729,0.0676
G_mean: 0.7446: 0.3602,8.0315,8.2222,164,643,52,3,51,0.3689,0.0463
G_mean: 0.7226: 0.8207,6.5944,8.3335,138,37,86,3,8,0.0525,0.0101
G_mean: 0.0000: 0.5025,9.5355,2.0236,202,833,27,6,30,0.9168,0.0767
G_mean: 0.7321: 0.598,6.7988,8.913,50,212,42,1,91,0.8364,0.0357
Step: 1, max G_mean: 0.9768985503705935, hyperparameter: [0.7188174940046246, 6.000964262995669, 1.4537360620389905, 50.569279778643505, 1007.797615884883, 16.033493888676578, 5.192848771594151, 21.326503606191764, 9.084947028537016e-05, 0.011046926675799738]
Round: 1, Step 2
G_mean: 0.8972: 0.2219,5.589,1.4393,259,878,14,2,89,0.4092,0.0537
G_mean: 0.8198: 0.5632,3.6998,11.2104,276,392,49,2,29,0.5471,0.0556
G_mean: 0.9416: 0.4899,4.4936,3.2903,48,250,58,6,51,0.5763,0.0475
G_mean: 0.0000: 0.6196,3.7827,16.7801,171,1008,16,9,21,0.0001,0.011
G_mean: 0.7288: 0.812,9.0332,6.1373,47,715,62,8,22,0.1935,0.0319
G_mean: 0.1467: 0.439,5.3548,15.3525,177,376,11,7,43,0.2277,0.0584
G_mean: 0.8945: 0.6148,8.872,4.0718,298,599,32,7,41,0.2715,0.0218
G_mean: 0.7185: 0.9082,5.6401,6.397,64,341,61,9,91,0.1284,0.0421
G_mean: 0.7446: 0.0158,1.7281,6.1932,230,937,29,4,5,0.1058,0.0533
G_mean: 0.2810: 0.859,8.2019,16.1389,219,446,22,3,51,0.1145,0.059
G_mean: 0.0000: 0.9394,7.5743,7.1125,124,787,70,3,99,0.4601,0.0593
G_mean: 0.8152: 0.5088,4.2242,3.0435,80,355,38,5,74,0.0624,0.0035
G_mean: 0.7146: 0.5045,8.0838,14.172,90,513,44,9,86,0.4616,0.0467
G_mean: 0.1578: 0.9866,6.2259,8.9917,291,436,39,6,78,0.9898,0.0486
G_mean: 0.8737: 0.8416,4.3606,3.3197,209,654,68,2,86,0.1011,0.0392
G_mean: 0.9795: 0.7078,5.7439,5.22,127,924,46,4,52,0.3461,0.061
G_mean: 0.7317: 0.236,6.6147,13.6446,26,875,26,3,37,0.6729,0.084
G_mean: 0.1567: 0.3602,8.0315,8.2222,164,643,52,7,91,0.1409,0.0571
G_mean: 0.0000: 0.9242,9.5355,2.0236,202,470,64,7,14,0.9168,0.0767
G_mean: 0.7715: 0.3743,4.3327,12.5659,50,407,51,6,91,0.8364,0.0357
Step: 2, max G_mean: 0.9795322369630647, hyperparameter: [0.7077849946371734, 5.743924902743657, 5.220012824119414, 126.79547274191663, 924.3512847892445, 46.35501580940444, 3.932799227638145, 51.69454807705932, 0.34612144248571475, 0.06097792614770029]
Round: 1, Step 3
G_mean: 0.0000: 0.2219,5.589,1.4393,259,878,55,7,89,0.4303,0.0537
G_mean: 0.9798: 0.5632,5.6137,11.2104,205,891,47,3,56,0.5845,0.0429
G_mean: 0.7446: 0.216,4.4936,13.8339,48,755,58,6,51,0.5763,0.0941
G_mean: 0.7446: 0.7188,6.001,14.7552,51,1008,16,1,21,0.7041,0.011
G_mean: 0.9329: 0.6148,6.4011,4.0718,35,599,21,7,41,0.2715,0.0775
G_mean: 0.9594: 0.0158,6.8341,6.2329,60,834,54,5,6,0.1058,0.0533
G_mean: 0.7446: 0.2851,7.5743,12.7049,67,904,38,2,99,0.4601,0.0593
G_mean: 0.8656: 0.1394,5.7683,5.22,55,924,46,3,52,0.3461,0.061
G_mean: 0.7446: 0.2825,6.6147,13.6446,26,875,26,1,16,0.8534,0.0531
G_mean: 0.7446: 0.3743,6.7988,12.5659,50,854,51,3,91,0.49,0.0357
Step: 3, max G_mean: 0.97979258993353, hyperparameter: [0.5632041869762079, 5.613688705179989, 11.210431976752234, 205.17515293938314, 890.7130170807251, 46.98918650287181, 2.6024969152237665, 56.285059208534676, 0.584509932188376, 0.04291920745578376]
Round: 1, Step 4
G_mean: 0.8942: 0.5632,5.282,5.7951,148,916,49,3,50,0.5845,0.0661
G_mean: 0.9591: 0.7188,6.001,1.4537,51,1008,47,4,21,0.0001,0.011
G_mean: 0.8366: 0.0158,2.1623,6.2329,124,918,40,4,6,0.3506,0.0533
G_mean: 0.7446: 0.6217,7.5743,5.8015,149,433,70,3,99,0.4601,0.0661
G_mean: 0.8818: 0.7082,5.7439,5.2183,127,924,46,4,52,0.3463,0.061
Step: 4, max G_mean: 0.97979258993353, hyperparameter: [0.5632041869762079, 5.613688705179989, 11.210431976752234, 205.17515293938314, 890.7130170807251, 46.98918650287181, 2.6024969152237665, 56.285059208534676, 0.584509932188376, 0.04291920745578376]
Round: 1, Step 5
G_mean: 0.0749: 0.0443,5.6137,6.3496,205,863,47,3,56,0.5845,0.0429
G_mean: 0.9739: 0.7021,5.7036,1.4537,51,1008,16,5,21,0.3343,0.0597
G_mean: 0.9001: 0.0158,6.0727,6.2329,107,937,51,5,60,0.3682,0.0533
G_mean: 0.9433: 0.9394,7.5743,2.3577,15,943,44,3,43,0.4601,0.0593
G_mean: 0.0000: 0.7078,5.7439,5.22,121,821,51,4,55,0.3461,0.0609
Step: 5, max G_mean: 0.97979258993353, hyperparameter: [0.5632041869762079, 5.613688705179989, 11.210431976752234, 205.17515293938314, 890.7130170807251, 46.98918650287181, 2.6024969152237665, 56.285059208534676, 0.584509932188376, 0.04291920745578376]
computational time: 1.814070781111111 h
