Round: 9, Step 0
G_mean: 0.0000: 0.8655,14.019,158,2423,59,3,47,0.792,0.0176
G_mean: 0.8528: 0.1307,15.1888,34,2451,31,7,12,0.6571,0.0949
G_mean: 0.8620: 0.5043,17.2626,69,1446,5,9,87,0.2269,0.0709
G_mean: 0.0000: 0.4115,7.4773,213,1106,69,7,72,0.7744,0.0055
G_mean: 0.0000: 0.5004,14.4608,243,1211,57,9,20,0.2401,0.0028
G_mean: 0.6322: 0.3611,5.416,58,533,60,8,43,0.4618,0.0379
G_mean: 0.7748: 0.2907,16.9945,11,1178,40,9,3,0.1853,0.0401
G_mean: 0.7300: 0.69,5.0672,72,2151,9,5,58,0.66,0.0039
G_mean: 0.0000: 0.204,15.9367,178,543,33,1,89,0.8294,0.0472
G_mean: 0.0000: 0.1033,12.759,148,2306,61,4,43,0.0172,0.0636
G_mean: 0.0000: 0.1907,4.7389,105,915,71,3,69,0.0132,0.0848
G_mean: 0.0000: 0.175,1.8885,17,2324,53,8,59,0.9312,0.077
G_mean: 0.0000: 0.0292,11.7598,273,381,64,9,36,0.1363,0.0985
G_mean: 0.0000: 0.9687,17.6585,123,2100,99,5,94,0.5655,0.0806
G_mean: 0.5059: 0.6407,8.3217,106,338,6,10,10,0.4315,0.0171
G_mean: 0.0000: 0.6776,19.9778,166,1796,22,8,58,0.8978,0.0383
G_mean: 0.9010: 0.9728,4.3128,13,2175,77,7,61,0.3885,0.082
G_mean: 0.0000: 0.7002,3.1915,237,1605,69,6,45,0.6549,0.0873
G_mean: 0.0000: 0.7215,1.8894,15,20,28,4,66,0.9447,0.076
G_mean: 0.0000: 0.3591,16.823,123,2147,56,9,64,0.7054,0.0822
G_mean: 0.6396: 0.6312,10.823,89,1513,2,8,97,0.42,0.0762
G_mean: 0.3015: 0.6329,10.63,192,969,46,7,74,0.9681,0.0204
G_mean: 0.0000: 0.997,14.0957,241,1897,89,1,81,0.2834,0.0535
G_mean: 0.0000: 0.2186,12.6302,259,1655,11,8,5,0.5005,0.0313
G_mean: 0.1254: 0.7244,3.9346,261,639,29,8,7,0.8111,0.0495
G_mean: 0.6961: 0.9925,4.7412,124,1840,96,2,72,0.071,0.0911
G_mean: 0.4264: 0.7296,15.456,38,952,20,3,84,0.6558,0.087
G_mean: 0.0000: 0.7867,16.51,273,2545,41,4,40,0.7986,0.0923
G_mean: 0.8021: 0.2312,15.998,32,1796,85,1,67,0.2312,0.0839
G_mean: 0.0000: 0.155,6.1557,183,1519,23,9,7,0.7948,0.0723
G_mean: 0.0000: 0.087,1.0695,194,130,92,4,80,0.4327,0.0982
G_mean: 0.3679: 0.0319,18.2624,198,139,39,9,28,0.1679,0.0829
G_mean: 0.7278: 0.0571,16.2567,27,442,21,5,78,0.6252,0.0118
G_mean: 0.0000: 0.9413,13.639,203,1303,40,6,39,0.3085,0.0692
G_mean: 0.0000: 0.961,1.6353,265,2352,14,4,48,0.7498,0.0201
G_mean: 0.2132: 0.3675,10.5618,25,1504,73,5,83,0.825,0.0129
G_mean: 0.0000: 0.5062,1.2647,84,610,52,6,69,0.6475,0.0989
G_mean: 0.3003: 0.6073,10.5398,159,1407,76,4,29,0.752,0.0469
G_mean: 0.3015: 0.0902,8.9022,112,1662,41,9,3,0.4596,0.051
G_mean: 0.0815: 0.6748,15.0466,143,169,84,9,40,0.7562,0.0361
G_mean: 0.0000: 0.1654,16.767,134,2021,8,7,20,0.5543,0.0858
G_mean: 0.7977: 0.8087,16.4545,17,2331,82,6,49,0.0682,0.0605
G_mean: 0.1240: 0.8063,8.5412,264,2628,76,2,90,0.2219,0.0108
G_mean: 0.6322: 0.1158,6.3052,35,664,44,5,34,0.2762,0.0241
G_mean: 0.7646: 0.3672,17.4493,123,1132,14,7,76,0.6651,0.0317
G_mean: 0.0000: 0.2646,12.2673,236,2504,71,9,21,0.6385,0.072
G_mean: 0.0000: 0.5581,10.7238,234,2304,20,10,12,0.3527,0.0988
G_mean: 0.0000: 0.8114,5.463,238,2202,73,8,77,0.8735,0.0127
G_mean: 0.2132: 0.3869,17.2847,187,1912,72,2,56,0.6813,0.0537
G_mean: 0.3003: 0.8655,14.019,158,1866,59,3,47,0.792,0.0841
G_mean: 0.7385: 0.5808,7.8137,34,1839,31,8,73,0.6571,0.0275
G_mean: 0.3468: 0.5043,3.016,69,289,53,9,87,0.2269,0.0601
G_mean: 0.7664: 0.4115,7.4773,213,1106,69,1,72,0.7744,0.0224
G_mean: 0.0000: 0.5188,14.4608,243,1211,57,9,20,0.2401,0.0749
G_mean: 0.6664: 0.3611,5.9534,58,1036,60,8,34,0.4618,0.021
G_mean: 0.7447: 0.2907,16.9945,11,1178,40,9,3,0.1853,0.0401
G_mean: 0.0000: 0.69,11.4912,207,2151,29,5,58,0.5223,0.0039
G_mean: 0.0000: 0.185,15.9367,178,1554,33,1,45,0.8294,0.0472
G_mean: 0.0000: 0.1033,12.759,148,1557,61,6,43,0.0172,0.0636
G_mean: 0.0000: 0.9354,4.7389,150,915,71,3,69,0.0132,0.0848
G_mean: 0.0000: 0.175,11.829,211,1753,53,8,59,0.9312,0.077
G_mean: 0.0000: 0.4712,11.7598,104,381,23,7,36,0.6743,0.0985
G_mean: 0.7357: 0.9687,4.7678,36,1093,99,4,94,0.2909,0.0806
G_mean: 0.7071: 0.6407,8.3217,106,2293,6,6,10,0.7438,0.0267
G_mean: 0.0000: 0.6776,19.9778,166,1796,22,8,60,0.8978,0.0383
G_mean: 0.4256: 0.9728,4.3128,86,2175,68,4,61,0.3885,0.0602
G_mean: 0.0000: 0.4367,11.7821,197,2690,87,4,92,0.41,0.0856
G_mean: 0.7628: 0.7002,3.1915,39,1605,69,6,58,0.4479,0.0873
G_mean: 0.7096: 0.2311,15.0885,56,1009,61,4,80,0.6969,0.076
G_mean: 0.4523: 0.3591,18.8523,123,2147,56,9,64,0.7886,0.0611
G_mean: 0.0000: 0.6312,10.823,89,1513,8,9,1,0.42,0.0437
G_mean: 0.0000: 0.6329,7.4902,192,969,46,3,49,0.9681,0.0621
G_mean: 0.6531: 0.4888,14.0957,241,1897,12,3,94,0.2834,0.0535
G_mean: 0.0000: 0.2186,12.6302,202,1655,11,8,5,0.5005,0.0313
G_mean: 0.0000: 0.0399,3.9346,261,639,60,8,22,0.8111,0.0526
G_mean: 0.0000: 0.9925,4.7412,189,978,96,2,72,0.071,0.0911
G_mean: 0.6886: 0.7296,15.456,38,952,20,3,84,0.7809,0.087
G_mean: 0.0000: 0.2366,16.51,191,2545,41,4,2,0.7986,0.0774
G_mean: 0.6742: 0.2312,15.998,144,1796,85,1,30,0.2312,0.0839
G_mean: 0.7977: 0.5533,6.1557,65,1519,23,9,7,0.7948,0.0723
G_mean: 0.0000: 0.087,1.0695,194,130,92,5,44,0.4327,0.0982
G_mean: 0.2402: 0.9104,18.2624,71,2548,74,9,28,0.1679,0.0829
G_mean: 0.0000: 0.0571,16.2567,27,442,21,8,78,0.1967,0.0118
G_mean: 0.2761: 0.0792,13.639,95,1847,53,6,39,0.3085,0.0692
G_mean: 0.7598: 0.961,1.6353,265,1347,14,4,48,0.7498,0.0201
G_mean: 0.3397: 0.3675,10.5618,284,1504,73,5,11,0.825,0.0129
G_mean: 0.5114: 0.6704,1.2647,84,531,52,6,52,0.6475,0.0989
G_mean: 0.3015: 0.3473,10.5398,159,1407,76,8,29,0.752,0.0469
G_mean: 0.0000: 0.0902,8.9022,268,1662,41,9,9,0.4596,0.051
G_mean: 0.0000: 0.6748,15.0466,143,169,84,6,40,0.9895,0.0205
G_mean: 0.8798: 0.1598,16.767,134,2021,8,3,20,0.5543,0.0263
G_mean: 0.0000: 0.8087,14.068,184,2331,82,6,49,0.0682,0.0605
G_mean: 0.8257: 0.8063,8.5412,184,2628,76,2,90,0.2219,0.0108
G_mean: 0.7314: 0.1158,8.8306,35,664,50,3,34,0.2762,0.0506
G_mean: 0.0000: 0.3672,9.592,123,2578,14,10,1,0.6651,0.0317
G_mean: 0.0000: 0.109,12.2993,236,1748,71,9,21,0.6385,0.072
G_mean: 0.0000: 0.4005,8.0037,230,2011,60,10,12,0.6864,0.0695
G_mean: 0.0000: 0.5946,5.463,238,2202,75,8,77,0.4777,0.0127
G_mean: 0.0000: 0.0052,8.7683,215,1912,72,2,56,0.6813,0.0537
Step: 0, max G_mean: 0.9010483404835237, hyperparameter: [0.9728434761158175, 4.31281216525667, 13.223295752872172, 2175.249594014326, 76.71659488405069, 6.644467852133865, 60.568434840426654, 0.3885185058394971, 0.0820003399973397]
Round: 9, Step 1
G_mean: 0.0000: 0.1307,15.6119,266,2023,50,6,12,0.6571,0.0949
G_mean: 0.8362: 0.7215,6.36,69,1753,5,9,43,0.2269,0.0709
G_mean: 0.6906: 0.4115,3.7114,213,1106,69,1,72,0.2213,0.0224
G_mean: 0.7155: 0.6606,10.8656,58,1036,60,8,66,0.4618,0.0914
G_mean: 0.5721: 0.2907,5.5478,11,1052,40,9,3,0.063,0.0401
G_mean: 0.0000: 0.69,18.1854,72,653,9,5,58,0.66,0.0699
G_mean: 0.0000: 0.9687,4.7678,206,1093,99,4,94,0.2909,0.0806
G_mean: 0.0000: 0.6407,8.3217,154,2293,64,8,10,0.7438,0.0267
G_mean: 0.8790: 0.7117,4.3128,13,2175,77,7,81,0.3885,0.094
G_mean: 0.8940: 0.7005,3.1915,39,1605,69,6,58,0.4479,0.0873
G_mean: 0.0000: 0.2311,15.241,56,1009,61,4,96,0.6969,0.076
G_mean: 0.0000: 0.4471,18.8523,123,2147,56,9,64,0.3666,0.0611
G_mean: 0.7885: 0.6312,10.823,89,1728,2,8,76,0.49,0.0762
G_mean: 0.0000: 0.446,14.0957,241,731,12,9,94,0.9824,0.0535
G_mean: 0.6272: 0.9925,2.3494,68,968,96,3,19,0.071,0.0911
G_mean: 0.7071: 0.7296,15.456,70,952,89,5,89,0.7809,0.0531
G_mean: 0.5202: 0.2312,15.998,32,1796,85,1,67,0.2312,0.0839
G_mean: 0.7071: 0.5533,6.1557,65,1679,23,9,7,0.1368,0.0048
G_mean: 0.3015: 0.0319,18.2624,198,139,67,5,54,0.6705,0.0829
G_mean: 0.4248: 0.0571,1.9647,27,442,73,5,78,0.2911,0.0118
G_mean: 0.7324: 0.961,4.4766,21,1347,46,2,11,0.3499,0.0623
G_mean: 0.5419: 0.4066,10.5618,284,2020,73,3,62,0.825,0.0129
G_mean: 0.0000: 0.6704,1.2647,84,1649,52,9,52,0.6475,0.0989
G_mean: 0.8508: 0.3473,10.5398,71,1407,76,4,29,0.1027,0.0469
G_mean: 0.7426: 0.8237,8.9022,179,1389,41,9,3,0.4596,0.051
G_mean: 0.3015: 0.1598,16.767,134,940,17,7,20,0.2474,0.0263
G_mean: 0.7687: 0.6463,16.4545,17,2331,82,6,57,0.6098,0.0236
G_mean: 0.0000: 0.8063,8.5412,184,2628,76,2,29,0.2219,0.0108
G_mean: 0.5854: 0.1158,12.3978,35,664,50,3,34,0.4219,0.0506
G_mean: 0.0000: 0.3672,12.4944,123,1132,14,7,76,0.9443,0.0688
Step: 1, max G_mean: 0.9010483404835237, hyperparameter: [0.9728434761158175, 4.31281216525667, 13.223295752872172, 2175.249594014326, 76.71659488405069, 6.644467852133865, 60.568434840426654, 0.3885185058394971, 0.0820003399973397]
Round: 9, Step 2
G_mean: 0.7671: 0.1307,15.1888,27,932,31,7,12,0.6571,0.0388
G_mean: 0.6322: 0.5043,17.2626,69,1446,5,9,87,0.2269,0.0709
G_mean: 0.0000: 0.2559,7.4773,213,1106,48,1,72,0.7744,0.0932
G_mean: 0.8268: 0.2907,4.9782,11,734,66,9,3,0.312,0.0401
G_mean: 0.7385: 0.69,5.669,72,2151,73,5,68,0.66,0.0759
G_mean: 0.3568: 0.4415,4.7678,99,1093,48,4,94,0.2909,0.0806
G_mean: 0.9293: 0.9728,2.0732,13,2175,77,7,74,0.3885,0.082
G_mean: 0.6742: 0.7005,11.5938,39,1175,69,9,58,0.4479,0.0572
G_mean: 0.0000: 0.1579,10.823,89,1728,78,8,60,0.49,0.0742
G_mean: 0.0000: 0.5462,6.1588,113,182,85,6,67,0.7835,0.0839
G_mean: 0.0000: 0.5533,6.1557,65,1519,19,3,7,0.7948,0.0723
G_mean: 0.0000: 0.0571,16.2567,27,1267,69,5,22,0.6252,0.0783
G_mean: 0.4181: 0.961,7.9295,265,759,53,4,48,0.7498,0.0201
G_mean: 0.6297: 0.3473,11.206,11,1407,34,4,29,0.1027,0.0469
G_mean: 0.0000: 0.8237,15.8801,134,969,41,7,3,0.768,0.051
G_mean: 0.6989: 0.9523,16.767,57,2021,8,3,20,0.0555,0.0263
G_mean: 0.8790: 0.8087,5.5754,17,2331,82,5,49,0.3331,0.0605
G_mean: 0.0000: 0.8063,11.0518,184,2096,76,4,90,0.2219,0.0108
G_mean: 0.0000: 0.4303,8.8306,144,664,37,3,82,0.2762,0.0506
G_mean: 0.8086: 0.3672,17.4493,72,1132,51,6,70,0.5204,0.0672
Step: 2, max G_mean: 0.9293203772845852, hyperparameter: [0.9728434761158175, 2.073246236921014, 13.223295752872172, 2175.249594014326, 76.71659488405069, 6.644467852133865, 73.50865557523241, 0.3885185058394971, 0.0820003399973397]
Round: 9, Step 3
G_mean: 0.8723: 0.1307,15.1888,34,2451,31,5,67,0.6571,0.0949
G_mean: 0.0000: 0.5043,17.2626,69,1446,3,9,7,0.2269,0.0709
G_mean: 0.4767: 0.2907,4.9782,91,734,71,9,3,0.133,0.0401
G_mean: 0.9293: 0.9728,2.0732,13,2175,77,7,63,0.3885,0.082
G_mean: 0.0000: 0.7005,3.1915,73,1605,37,6,58,0.4479,0.0873
G_mean: 0.7568: 0.3473,10.5398,71,1407,76,4,31,0.1027,0.0469
G_mean: 0.4767: 0.1598,16.767,134,2021,8,3,20,0.5543,0.0263
G_mean: 0.0000: 0.8087,5.5754,189,2331,82,5,80,0.3331,0.003
G_mean: 0.0000: 0.4128,17.6863,184,2628,76,2,63,0.2219,0.0548
G_mean: 0.7016: 0.3672,17.4493,72,1132,51,7,58,0.7216,0.0672
Step: 3, max G_mean: 0.9293203772845852, hyperparameter: [0.9728434761158175, 2.073246236921014, 13.223295752872172, 2175.249594014326, 76.71659488405069, 6.644467852133865, 73.50865557523241, 0.3885185058394971, 0.0820003399973397]
Round: 9, Step 4
G_mean: 0.0000: 0.1307,15.1888,21,2256,31,5,67,0.6571,0.0949
G_mean: 0.8495: 0.9728,2.0732,133,2035,8,7,74,0.5528,0.0262
G_mean: 0.0000: 0.7005,3.1915,134,1605,69,6,58,0.4479,0.0873
G_mean: 0.0000: 0.1598,16.767,134,2021,8,3,20,0.5564,0.0263
G_mean: 0.0000: 0.8087,5.5754,134,2331,82,5,49,0.3331,0.0605
Step: 4, max G_mean: 0.9293203772845852, hyperparameter: [0.9728434761158175, 2.073246236921014, 13.223295752872172, 2175.249594014326, 76.71659488405069, 6.644467852133865, 73.50865557523241, 0.3885185058394971, 0.0820003399973397]
computational time: 1.9501826097222223 h
