Round: 6, Step 0
G_mean: 0.5189: 0.5616,10.382,136,59,11,4,92,0.3607,0.0365
G_mean: 0.8108: 0.5589,16.1096,163,174,7,1,84,0.4538,0.0277
G_mean: 0.8576: 0.1799,17.0439,141,307,86,9,49,0.7569,0.0688
G_mean: 0.7798: 0.0252,4.5907,269,259,54,5,71,0.9082,0.0734
G_mean: 0.8765: 0.3703,13.6513,133,464,6,5,99,0.5975,0.0049
G_mean: 0.8860: 0.8025,16.7103,224,284,67,7,36,0.2504,0.0168
G_mean: 0.7733: 0.2289,17.0535,298,278,21,1,21,0.8093,0.0422
G_mean: 0.7187: 0.6226,13.498,162,97,91,7,89,0.7616,0.0041
G_mean: 0.0000: 0.5574,2.7299,126,163,79,1,6,0.8131,0.0521
G_mean: 0.4972: 0.5016,2.9712,292,165,94,5,84,0.1954,0.0298
G_mean: 0.9117: 0.0531,2.9126,224,337,64,2,57,0.4985,0.0467
G_mean: 0.9052: 0.5429,5.4909,258,492,44,7,58,0.5511,0.0456
G_mean: 0.8407: 0.6218,16.6231,269,398,61,9,96,0.6484,0.0574
G_mean: 0.4161: 0.4323,15.1131,240,59,43,1,11,0.8222,0.0541
G_mean: 0.9241: 0.6927,2.1684,112,430,22,2,94,0.1419,0.0833
G_mean: 0.8646: 0.8849,4.8946,217,417,62,9,66,0.397,0.0182
G_mean: 0.0000: 0.972,10.4539,261,73,68,1,4,0.9958,0.0267
G_mean: 0.8962: 0.8564,6.4099,138,491,34,3,9,0.4414,0.044
G_mean: 0.7814: 0.0766,14.6377,82,149,37,7,31,0.6759,0.0949
G_mean: 0.8707: 0.1088,1.231,278,417,47,3,67,0.8563,0.0195
G_mean: 0.1291: 0.0934,14.8378,201,249,3,3,44,0.8748,0.0483
G_mean: 0.8911: 0.5875,8.4551,51,423,19,2,45,0.0278,0.0242
G_mean: 0.9015: 0.2177,14.3873,265,427,28,2,28,0.6055,0.0713
G_mean: 0.1240: 0.113,11.8054,189,324,91,3,97,0.274,0.0642
G_mean: 0.0000: 0.6024,13.8327,81,120,92,5,84,0.4582,0.0808
G_mean: 0.9206: 0.4211,4.2971,192,458,77,2,61,0.2367,0.0231
G_mean: 0.8835: 0.9648,6.4282,132,267,27,8,62,0.4849,0.0053
G_mean: 0.5269: 0.4162,7.2887,257,55,84,7,87,0.404,0.0521
G_mean: 0.7232: 0.9093,17.5397,18,295,86,6,34,0.8286,0.0486
G_mean: 0.6174: 0.4393,9.8848,177,96,32,8,57,0.4576,0.0834
G_mean: 0.6302: 0.1434,6.9981,236,112,39,5,51,0.4416,0.0812
G_mean: 0.7780: 0.3274,13.3776,181,113,15,7,79,0.6495,0.0161
G_mean: 0.2233: 0.3768,16.2408,49,376,45,9,18,0.903,0.0704
G_mean: 0.8671: 0.4517,4.7263,13,498,12,8,18,0.2916,0.0057
G_mean: 0.8974: 0.2978,18.8787,246,492,26,6,7,0.484,0.0304
G_mean: 0.9044: 0.1399,14.8168,225,381,12,1,59,0.6547,0.0052
G_mean: 0.3511: 0.8884,13.4334,255,188,83,9,49,0.5444,0.0732
G_mean: 0.0000: 0.8389,5.9532,259,165,84,8,35,0.9958,0.0676
G_mean: 0.8695: 0.7689,2.388,43,450,68,3,11,0.6842,0.068
G_mean: 0.7995: 0.9591,6.177,211,261,52,4,78,0.8382,0.0595
G_mean: 0.9328: 0.4429,4.364,88,398,68,9,64,0.3036,0.0761
G_mean: 0.7445: 0.3754,7.9147,180,146,78,4,6,0.4223,0.041
G_mean: 0.4167: 0.8598,16.0049,244,22,94,7,98,0.7178,0.0474
G_mean: 0.8468: 0.8499,8.9246,232,299,82,8,46,0.2589,0.0359
G_mean: 0.4078: 0.7892,12.3075,113,24,65,5,77,0.3136,0.0523
G_mean: 0.5971: 0.8122,18.3539,104,176,53,6,45,0.0707,0.0094
G_mean: 0.4252: 0.8116,8.1965,279,279,73,7,16,0.8025,0.0497
G_mean: 0.0000: 0.7959,5.9815,114,17,65,4,72,0.4934,0.0696
G_mean: 0.8329: 0.4614,5.0713,272,372,26,9,84,0.0055,0.0756
G_mean: 0.6482: 0.3684,17.5671,208,138,92,4,28,0.8739,0.0398
G_mean: 0.6586: 0.5616,10.382,136,59,11,4,92,0.0617,0.0365
G_mean: 0.1275: 0.5589,16.1096,163,174,7,1,84,0.5459,0.0277
G_mean: 0.8395: 0.1799,17.0439,141,307,86,9,49,0.7569,0.0688
G_mean: 0.7914: 0.0252,6.9435,269,259,54,3,71,0.9082,0.0734
G_mean: 0.7252: 0.3703,13.6513,127,310,6,5,11,0.5975,0.0049
G_mean: 0.8365: 0.5696,16.7103,224,284,67,7,28,0.2504,0.0168
G_mean: 0.8523: 0.2289,17.0535,240,374,21,1,30,0.8093,0.0422
G_mean: 0.8597: 0.6226,13.498,162,182,91,8,89,0.7616,0.0887
G_mean: 0.6528: 0.5574,2.7052,150,163,49,3,6,0.7784,0.0521
G_mean: 0.8950: 0.5016,2.9712,292,314,94,5,84,0.5627,0.0298
G_mean: 0.5143: 0.0531,2.9126,224,104,64,2,57,0.7047,0.0467
G_mean: 0.8456: 0.5429,5.4909,203,248,44,7,58,0.5511,0.0456
G_mean: 0.8612: 0.6218,16.6231,269,398,61,9,96,0.6484,0.0574
G_mean: 0.5842: 0.5933,15.1131,240,59,43,1,11,0.3076,0.097
G_mean: 0.7959: 0.6927,2.1684,112,430,22,7,94,0.1419,0.0833
G_mean: 0.8820: 0.8849,4.8946,222,417,62,9,41,0.397,0.0182
G_mean: 0.0000: 0.972,10.4539,261,73,68,1,4,0.9958,0.0267
G_mean: 0.8671: 0.6886,6.4099,289,491,34,3,25,0.5961,0.044
G_mean: 0.6826: 0.0766,14.6377,113,149,37,7,31,0.6759,0.0979
G_mean: 0.8120: 0.1088,1.231,278,399,47,3,67,0.8563,0.0195
G_mean: 0.8140: 0.0934,14.8378,181,442,3,4,44,0.5009,0.0483
G_mean: 0.8752: 0.5875,8.4551,51,465,19,2,45,0.0278,0.0242
G_mean: 0.8976: 0.2177,14.3873,265,427,36,2,68,0.6055,0.0969
G_mean: 0.8722: 0.113,11.8054,189,240,91,5,97,0.274,0.0642
G_mean: 0.7317: 0.6024,13.8327,81,120,67,5,84,0.9179,0.0121
G_mean: 0.7402: 0.4211,4.2971,192,132,77,2,61,0.4516,0.0231
G_mean: 0.8752: 0.8953,6.4282,91,267,27,8,62,0.7766,0.0053
G_mean: 0.3819: 0.4162,7.2887,257,55,47,7,87,0.404,0.0894
G_mean: 0.8516: 0.1579,2.3729,18,295,34,6,77,0.4071,0.0486
G_mean: 0.0000: 0.4393,9.8848,177,96,33,8,57,0.3386,0.0834
G_mean: 0.3949: 0.2533,8.0382,236,112,59,5,51,0.4416,0.0896
G_mean: 0.5286: 0.3274,16.2305,181,113,95,7,16,0.7188,0.0161
G_mean: 0.2233: 0.3768,16.2408,49,376,45,9,18,0.903,0.0704
G_mean: 0.0000: 0.4517,4.7263,13,498,78,8,5,0.7628,0.0834
G_mean: 0.0743: 0.2978,18.8787,194,428,26,6,7,0.484,0.0497
G_mean: 0.8715: 0.1399,14.8168,225,377,12,1,52,0.6547,0.0052
G_mean: 0.8882: 0.6411,13.4334,255,367,83,9,49,0.5444,0.0385
G_mean: 0.2781: 0.586,5.9532,259,198,84,3,35,0.9958,0.0453
G_mean: 0.7714: 0.7689,14.2669,146,450,68,10,11,0.6842,0.0674
G_mean: 0.7595: 0.6968,19.3804,142,261,52,4,25,0.8382,0.0595
G_mean: 0.6248: 0.4429,4.364,88,398,68,6,2,0.3036,0.0761
G_mean: 0.6671: 0.2104,7.9147,180,203,78,4,6,0.1997,0.0284
G_mean: 0.3322: 0.3817,16.0049,244,22,83,6,42,0.7178,0.0431
G_mean: 0.8795: 0.2644,3.0162,220,299,82,2,40,0.2589,0.0359
G_mean: 0.5383: 0.7892,12.3075,113,24,52,5,77,0.3136,0.0523
G_mean: 0.8123: 0.4307,18.3539,197,176,96,6,28,0.0707,0.0094
G_mean: 0.8348: 0.7787,9.774,96,279,73,7,89,0.8025,0.0497
G_mean: 0.8274: 0.7959,5.9815,114,257,15,4,72,0.4934,0.0696
G_mean: 0.4231: 0.4614,5.0713,272,372,96,9,41,0.0055,0.0756
G_mean: 0.4279: 0.7952,17.5671,208,97,92,4,28,0.8739,0.0322
Step: 0, max G_mean: 0.9328267501826658, hyperparameter: [0.4428681515212948, 4.363990060583955, 88.48889723447878, 398.47672608433993, 68.22529741724635, 8.933456262232344, 63.60696803352279, 0.3035805420753922, 0.0761031939047186]
Round: 6, Step 1
G_mean: 0.8795: 0.4701,17.0439,27,307,86,9,49,0.0395,0.0688
G_mean: 0.8155: 0.3703,15.5397,133,464,6,8,15,0.5975,0.0049
G_mean: 0.8765: 0.8025,16.7103,21,398,67,5,36,0.2504,0.0168
G_mean: 0.8560: 0.2658,17.0535,240,410,21,1,30,0.8093,0.0422
G_mean: 0.8086: 0.586,13.498,162,182,91,8,89,0.7616,0.075
G_mean: 0.9156: 0.3954,2.9712,200,340,94,5,84,0.1888,0.0298
G_mean: 0.9206: 0.0531,11.5363,224,441,64,2,57,0.5691,0.0467
G_mean: 0.0000: 0.5429,5.4909,258,492,88,7,58,0.5511,0.0456
G_mean: 0.8407: 0.6218,13.6636,269,384,25,9,96,0.4665,0.0283
G_mean: 0.8857: 0.6927,2.1684,45,430,22,2,85,0.773,0.0833
G_mean: 0.0000: 0.8849,14.5328,51,422,31,9,41,0.9644,0.0824
G_mean: 0.8276: 0.8564,6.4099,138,227,34,3,78,0.4414,0.044
G_mean: 0.5620: 0.1088,1.231,287,417,47,3,67,0.8563,0.007
G_mean: 0.8937: 0.0934,14.8378,181,422,3,3,44,0.5009,0.016
G_mean: 0.8845: 0.5875,8.4551,51,423,19,2,45,0.0278,0.0242
G_mean: 0.8390: 0.637,14.3873,265,367,28,2,28,0.6055,0.0566
G_mean: 0.8646: 0.113,5.6406,46,240,91,9,97,0.274,0.0642
G_mean: 0.8845: 0.4211,3.7811,192,458,7,4,61,0.2367,0.0231
G_mean: 0.8765: 0.9648,6.4282,132,311,27,3,84,0.4849,0.0053
G_mean: 0.8049: 0.364,2.3729,137,202,34,5,77,0.4071,0.0486
G_mean: 0.8612: 0.4517,4.7263,136,498,12,8,18,0.2916,0.0399
G_mean: 0.8671: 0.2978,12.9295,274,492,55,7,56,0.484,0.0304
G_mean: 0.6856: 0.1399,4.3519,225,467,12,1,59,0.6547,0.0052
G_mean: 0.8969: 0.6411,13.4334,194,367,25,5,82,0.5444,0.0254
G_mean: 0.3651: 0.7689,2.388,43,264,33,3,11,0.9294,0.041
G_mean: 0.9117: 0.3608,4.364,88,398,68,9,64,0.4112,0.0761
G_mean: 0.5742: 0.5938,3.0162,220,299,30,9,40,0.8036,0.0544
G_mean: 0.8683: 0.7787,7.3754,96,489,51,7,89,0.8025,0.0497
G_mean: 0.9232: 0.7959,5.9815,114,387,29,5,72,0.4934,0.0696
G_mean: 0.8215: 0.4614,5.0713,272,259,26,3,66,0.2909,0.0331
Step: 1, max G_mean: 0.9328267501826658, hyperparameter: [0.4428681515212948, 4.363990060583955, 88.48889723447878, 398.47672608433993, 68.22529741724635, 8.933456262232344, 63.60696803352279, 0.3035805420753922, 0.0761031939047186]
Round: 6, Step 2
G_mean: 0.8757: 0.4701,17.0439,142,333,98,9,49,0.0395,0.0688
G_mean: 0.9167: 0.3703,13.6513,133,391,22,5,99,0.5975,0.0049
G_mean: 0.8719: 0.6651,16.7103,224,284,67,7,71,0.2504,0.0488
G_mean: 0.8882: 0.3115,2.9712,200,340,94,5,63,0.1888,0.0298
G_mean: 0.9027: 0.5416,11.5363,224,441,29,2,85,0.5691,0.0091
G_mean: 0.8274: 0.5429,5.4909,258,492,31,7,58,0.5511,0.0456
G_mean: 0.9027: 0.6927,2.1684,112,430,55,1,94,0.1419,0.0833
G_mean: 0.9053: 0.8849,4.8946,222,382,21,3,41,0.5491,0.069
G_mean: 0.9065: 0.8564,6.4099,138,397,49,3,9,0.4414,0.044
G_mean: 0.8671: 0.4027,14.8378,181,422,3,9,44,0.5009,0.0462
G_mean: 0.8516: 0.5875,5.456,88,423,15,4,45,0.6009,0.0242
G_mean: 0.8504: 0.2177,14.3873,249,427,22,2,28,0.6055,0.0713
G_mean: 0.9002: 0.5326,4.2971,212,458,77,3,61,0.2367,0.0231
G_mean: 0.8832: 0.9648,6.4282,132,488,27,8,62,0.4849,0.0053
G_mean: 0.8419: 0.2978,10.0334,246,492,31,6,7,0.484,0.0304
G_mean: 0.8834: 0.0334,14.8168,225,384,12,1,59,0.6547,0.0052
G_mean: 0.8647: 0.9132,13.4334,194,367,25,7,82,0.5444,0.0254
G_mean: 0.9180: 0.4429,4.364,88,485,18,7,64,0.3036,0.0761
G_mean: 0.8917: 0.2644,16.025,220,299,82,2,51,0.2589,0.0139
G_mean: 0.8857: 0.7959,5.9815,114,387,29,5,64,0.4934,0.0599
Step: 2, max G_mean: 0.9328267501826658, hyperparameter: [0.4428681515212948, 4.363990060583955, 88.48889723447878, 398.47672608433993, 68.22529741724635, 8.933456262232344, 63.60696803352279, 0.3035805420753922, 0.0761031939047186]
computational time: 1.8903238816666665 h
