Round: 0, Step 0
G_mean: 0.9062: 0.1898,3.3172,249,65,38,5,9,0.3303,0.0148
G_mean: 0.8456: 0.6083,15.982,59,47,61,3,30,0.2704,0.0536
G_mean: 0.8862: 0.2681,16.2715,131,78,43,2,98,0.7292,0.0492
G_mean: 0.8323: 0.0946,17.2153,21,61,41,9,85,0.1898,0.0392
G_mean: 0.8835: 0.6133,15.6003,93,82,41,6,8,0.6947,0.0139
G_mean: 0.0000: 0.7707,16.7679,178,24,5,7,39,0.8929,0.0518
G_mean: 0.9019: 0.2813,2.3206,239,82,12,5,10,0.3605,0.0231
G_mean: 0.8517: 0.5507,11.3998,261,46,48,2,13,0.5553,0.0302
G_mean: 0.8891: 0.8203,5.1575,114,37,26,5,20,0.5295,0.0279
G_mean: 0.0869: 0.8628,4.3519,257,65,17,5,5,0.9761,0.0849
G_mean: 0.7946: 0.4751,15.3688,39,30,85,2,9,0.8762,0.0231
G_mean: 0.9021: 0.2048,12.5317,125,57,72,8,12,0.6604,0.0059
G_mean: 0.8435: 0.2531,11.6545,116,78,85,4,47,0.7265,0.0396
G_mean: 0.0000: 0.305,17.6349,126,8,6,2,17,0.0116,0.0083
G_mean: 0.9103: 0.1949,1.8403,18,46,50,8,7,0.4927,0.0349
G_mean: 0.7828: 0.9777,14.7011,261,93,69,6,64,0.9331,0.0676
G_mean: 0.8504: 0.8594,11.9418,134,49,53,3,29,0.0223,0.0158
G_mean: 0.8939: 0.9689,16.4232,143,59,58,5,50,0.4712,0.0765
G_mean: 0.8193: 0.797,15.9389,187,37,16,3,56,0.028,0.0366
G_mean: 0.9001: 0.6956,4.9374,182,74,79,6,89,0.6884,0.0965
G_mean: 0.8823: 0.337,5.6232,134,78,96,10,87,0.2141,0.0895
G_mean: 0.8716: 0.9032,14.5221,36,92,58,9,56,0.4114,0.0673
G_mean: 0.8613: 0.8489,19.2151,219,82,83,2,32,0.4724,0.06
G_mean: 0.7177: 0.7111,3.5613,91,11,13,5,65,0.5276,0.031
G_mean: 0.8736: 0.2088,12.9132,104,96,53,7,56,0.4082,0.088
G_mean: 0.9011: 0.3995,4.1567,52,46,29,4,5,0.2429,0.0312
G_mean: 0.7354: 0.5778,3.72,250,11,59,6,80,0.2419,0.0579
G_mean: 0.9058: 0.1226,1.5213,215,88,79,1,40,0.1336,0.037
G_mean: 0.0000: 0.0255,18.695,50,8,18,3,54,0.89,0.0791
G_mean: 0.6867: 0.0083,2.4534,77,10,11,9,1,0.0322,0.087
G_mean: 0.7765: 0.4335,7.3289,28,23,33,7,51,0.2269,0.096
G_mean: 0.8295: 0.2141,14.7183,130,57,44,8,16,0.4001,0.0873
G_mean: 0.8373: 0.8276,5.1965,290,72,59,3,89,0.0785,0.0261
G_mean: 0.9228: 0.6843,3.2788,275,90,69,3,43,0.6382,0.0382
G_mean: 0.8289: 0.022,8.013,264,79,14,6,51,0.2488,0.0229
G_mean: 0.5795: 0.5297,11.3388,168,9,46,8,32,0.3805,0.0661
G_mean: 0.8139: 0.3024,1.1273,187,8,10,4,94,0.1896,0.0224
G_mean: 0.7593: 0.0613,13.2369,63,57,60,6,90,0.1422,0.0694
G_mean: 0.8991: 0.2232,8.5036,124,88,35,3,10,0.4885,0.0297
G_mean: 0.7026: 0.0939,17.6339,146,29,62,6,92,0.4821,0.0662
G_mean: 0.5952: 0.3673,11.9249,134,11,8,10,7,0.5863,0.0964
G_mean: 0.7856: 0.897,9.2844,288,89,41,7,38,0.7074,0.0368
G_mean: 0.7195: 0.9856,13.0732,260,17,50,9,15,0.4433,0.0169
G_mean: 0.8549: 0.6778,6.5755,227,87,18,1,22,0.7242,0.0324
G_mean: 0.8221: 0.9851,10.5082,188,44,34,2,20,0.4426,0.0983
G_mean: 0.7212: 0.7589,6.489,60,13,26,10,12,0.708,0.0262
G_mean: 0.7562: 0.8103,9.8471,29,20,34,6,52,0.9057,0.0617
G_mean: 0.6981: 0.4805,11.6322,202,13,81,7,28,0.4193,0.0328
G_mean: 0.8510: 0.85,3.6951,142,46,4,2,87,0.0806,0.0845
G_mean: 0.0000: 0.341,12.8848,143,87,85,9,19,0.9471,0.0485
G_mean: 0.8449: 0.1898,3.3172,249,65,38,5,54,0.3303,0.025
G_mean: 0.8596: 0.6083,11.0713,104,47,61,3,30,0.6587,0.0536
G_mean: 0.8461: 0.2681,16.2715,269,59,43,2,98,0.7292,0.0492
G_mean: 0.8679: 0.9724,17.2153,21,62,41,9,85,0.1898,0.0392
G_mean: 0.8627: 0.6133,15.6003,93,82,41,6,8,0.2236,0.0598
G_mean: 0.0000: 0.7707,16.7679,178,24,5,7,24,0.8929,0.0518
G_mean: 0.8816: 0.7533,2.3206,239,82,12,5,10,0.3605,0.0231
G_mean: 0.8478: 0.5507,16.5235,261,46,48,2,84,0.7628,0.0235
G_mean: 0.8389: 0.8203,5.1575,221,37,26,5,20,0.3018,0.0279
G_mean: 0.0000: 0.8628,4.3519,257,65,54,5,5,0.9761,0.0849
G_mean: 0.7698: 0.4751,15.3688,39,30,85,2,9,0.8762,0.0597
G_mean: 0.8810: 0.2048,12.5317,125,57,72,7,12,0.0437,0.0059
G_mean: 0.8840: 0.9143,11.6545,116,75,85,4,47,0.5568,0.0396
G_mean: 0.5555: 0.305,19.9564,39,8,6,2,17,0.0116,0.0083
G_mean: 0.8844: 0.855,1.8403,270,46,50,8,7,0.4927,0.0813
G_mean: 0.8667: 0.9777,14.4368,261,93,69,6,64,0.575,0.0826
G_mean: 0.7463: 0.8594,12.1799,134,49,53,3,60,0.0223,0.0158
G_mean: 0.7985: 0.9689,16.4232,143,59,9,4,50,0.4712,0.0765
G_mean: 0.8025: 0.797,15.9389,125,38,16,9,61,0.6319,0.0366
G_mean: 0.9116: 0.6956,4.9374,182,74,79,6,89,0.6884,0.0965
G_mean: 0.8555: 0.337,5.7225,134,78,5,10,87,0.2141,0.0895
G_mean: 0.8277: 0.9032,14.5221,218,92,18,9,56,0.4114,0.0673
G_mean: 0.7529: 0.8489,19.2151,219,28,83,2,96,0.4724,0.065
G_mean: 0.8741: 0.7111,3.5613,91,42,13,5,65,0.5276,0.0184
G_mean: 0.8841: 0.2088,12.9132,28,96,53,6,56,0.4082,0.088
G_mean: 0.9045: 0.3995,4.1567,131,46,29,4,5,0.2429,0.0352
G_mean: 0.9007: 0.671,3.1882,250,93,59,6,80,0.2419,0.064
G_mean: 0.9160: 0.1226,1.5213,215,88,57,1,40,0.1336,0.037
G_mean: 0.4591: 0.2169,12.732,50,8,19,3,54,0.89,0.0254
G_mean: 0.6516: 0.0083,2.4534,77,10,11,9,1,0.0322,0.0425
G_mean: 0.8373: 0.4335,7.3289,28,88,33,7,51,0.2269,0.096
G_mean: 0.8339: 0.5698,14.7183,130,57,66,8,73,0.4001,0.0873
G_mean: 0.8876: 0.8276,5.1965,290,72,50,3,21,0.0785,0.0261
G_mean: 0.8751: 0.6843,3.2788,93,90,15,3,60,0.6382,0.0382
G_mean: 0.7578: 0.022,8.013,262,79,14,6,51,0.7516,0.0229
G_mean: 0.5563: 0.5297,11.3388,168,9,46,8,17,0.3805,0.0661
G_mean: 0.7026: 0.3024,19.9489,187,24,10,4,94,0.1896,0.0224
G_mean: 0.5755: 0.0613,19.5864,66,8,60,10,11,0.2742,0.0694
G_mean: 0.8652: 0.3823,8.5036,124,44,35,3,10,0.6197,0.0297
G_mean: 0.7685: 0.7235,17.6339,146,29,33,6,92,0.4821,0.0662
G_mean: 0.6651: 0.8747,11.9249,134,11,8,10,7,0.0395,0.0964
G_mean: 0.8792: 0.897,9.2844,34,89,41,7,38,0.3354,0.0713
G_mean: 0.7288: 0.9856,8.1378,260,17,64,6,12,0.4433,0.0169
G_mean: 0.7985: 0.6778,6.5755,227,87,18,1,22,0.7242,0.0324
G_mean: 0.7881: 0.9851,10.5082,26,44,34,5,20,0.4426,0.0983
G_mean: 0.7000: 0.7589,6.489,56,13,26,5,70,0.708,0.0262
G_mean: 0.7399: 0.6084,7.7889,157,20,34,3,52,0.4837,0.0617
G_mean: 0.7873: 0.2714,11.6322,202,30,77,7,28,0.4193,0.0328
G_mean: 0.8553: 0.85,3.6951,39,46,4,1,87,0.0806,0.0872
G_mean: 0.0000: 0.341,18.8229,143,87,85,9,36,0.9471,0.0485
Step: 0, max G_mean: 0.9228480160755497, hyperparameter: [0.6843304472260711, 3.2788145614442397, 275.0258821187753, 89.62732584239279, 68.96694166798046, 2.543532338631072, 43.00478929290093, 0.6381780480811146, 0.03819796729405939]
Round: 0, Step 1
G_mean: 0.9043: 0.1898,3.3172,249,65,62,5,9,0.3303,0.0148
G_mean: 0.8208: 0.6083,11.0713,104,47,61,1,30,0.6587,0.0092
G_mean: 0.8112: 0.2474,16.2715,131,78,43,2,98,0.7292,0.0119
G_mean: 0.7975: 0.9003,17.2153,21,40,41,9,99,0.9101,0.0393
G_mean: 0.8865: 0.6133,15.6003,115,82,73,2,8,0.5034,0.0423
G_mean: 0.9078: 0.9934,2.3206,239,89,53,5,10,0.3605,0.0681
G_mean: 0.8917: 0.5507,8.7775,261,87,48,2,13,0.5553,0.0302
G_mean: 0.8774: 0.1604,4.4619,114,37,26,5,20,0.5295,0.0279
G_mean: 0.8511: 0.2048,12.6602,125,57,72,2,12,0.6604,0.0059
G_mean: 0.8570: 0.9634,11.6545,116,75,85,4,47,0.1581,0.0396
G_mean: 0.8805: 0.1949,1.8403,286,32,50,8,37,0.4927,0.0349
G_mean: 0.8112: 0.8849,14.4368,261,93,44,6,64,0.575,0.0826
G_mean: 0.7080: 0.8594,11.9418,228,56,30,3,29,0.6082,0.0158
G_mean: 0.7048: 0.9689,16.4232,274,59,58,5,50,0.3467,0.0765
G_mean: 0.9109: 0.6956,8.5801,182,74,79,6,89,0.6884,0.0441
G_mean: 0.8509: 0.337,5.6232,134,78,35,7,79,0.2235,0.0895
G_mean: 0.8581: 0.9032,14.5221,36,92,58,1,33,0.6935,0.0673
G_mean: 0.8769: 0.8489,5.7282,248,82,83,8,51,0.4724,0.0653
G_mean: 0.8250: 0.7111,10.7178,91,62,13,7,65,0.5276,0.0926
G_mean: 0.7559: 0.2088,12.9132,28,26,38,5,53,0.4082,0.088
G_mean: 0.8760: 0.3995,15.6394,68,70,29,10,5,0.2429,0.0294
G_mean: 0.8962: 0.671,3.1882,159,93,59,10,80,0.2419,0.0726
G_mean: 0.9139: 0.1226,1.5213,215,72,57,2,40,0.1336,0.037
G_mean: 0.8661: 0.2291,7.3289,28,88,33,7,51,0.7541,0.05
G_mean: 0.8766: 0.8276,5.1965,290,64,50,3,21,0.0785,0.0941
G_mean: 0.9011: 0.6843,3.2788,46,76,69,3,43,0.6382,0.0382
G_mean: 0.8578: 0.2228,3.9995,124,88,15,3,10,0.7259,0.0297
G_mean: 0.8464: 0.6923,9.2844,34,89,41,7,38,0.3354,0.0713
G_mean: 0.8277: 0.8565,6.5755,21,87,59,8,45,0.7242,0.0758
G_mean: 0.7980: 0.85,3.6951,129,46,4,1,44,0.0806,0.0872
Step: 1, max G_mean: 0.9228480160755497, hyperparameter: [0.6843304472260711, 3.2788145614442397, 275.0258821187753, 89.62732584239279, 68.96694166798046, 2.543532338631072, 43.00478929290093, 0.6381780480811146, 0.03819796729405939]
Round: 0, Step 2
G_mean: 0.9037: 0.1898,3.3172,249,65,86,5,9,0.1645,0.0148
G_mean: 0.8683: 0.2681,16.2715,61,78,77,2,47,0.7292,0.0492
G_mean: 0.8575: 0.6133,15.6003,115,37,73,2,8,0.5034,0.0423
G_mean: 0.8694: 0.9934,13.2098,132,89,53,2,10,0.3605,0.0681
G_mean: 0.8860: 0.5507,8.7775,261,87,48,2,13,0.5553,0.0291
G_mean: 0.8548: 0.8203,5.6436,114,37,26,5,63,0.5295,0.0279
G_mean: 0.8059: 0.1218,12.5317,125,57,72,8,12,0.6604,0.0059
G_mean: 0.8575: 0.9143,5.1379,116,37,85,5,47,0.1629,0.0396
G_mean: 0.9080: 0.1949,1.8403,18,89,50,8,7,0.4447,0.0349
G_mean: 0.8283: 0.7467,16.4232,143,59,53,5,50,0.4712,0.0765
G_mean: 0.7899: 0.6956,4.9374,182,74,37,7,24,0.6884,0.0522
G_mean: 0.8849: 0.337,5.6232,75,92,92,10,87,0.5713,0.0895
G_mean: 0.8976: 0.2088,12.9132,24,88,53,6,50,0.4286,0.088
G_mean: 0.9066: 0.0382,4.1567,131,46,29,4,5,0.2429,0.03
G_mean: 0.9156: 0.671,5.1953,250,93,59,6,80,0.2419,0.0358
G_mean: 0.9091: 0.1226,1.5213,47,79,57,1,40,0.1336,0.0231
G_mean: 0.9149: 0.8276,5.1965,290,72,50,3,21,0.0785,0.0261
G_mean: 0.8814: 0.2455,3.2788,275,34,62,3,43,0.6382,0.0382
G_mean: 0.8607: 0.2232,8.5036,124,39,20,3,10,0.1183,0.0297
G_mean: 0.8629: 0.897,3.5652,237,27,41,7,23,0.3354,0.0267
Step: 2, max G_mean: 0.9228480160755497, hyperparameter: [0.6843304472260711, 3.2788145614442397, 275.0258821187753, 89.62732584239279, 68.96694166798046, 2.543532338631072, 43.00478929290093, 0.6381780480811146, 0.03819796729405939]
computational time: 2.0325203669444445 h
