Round: 2, Step 0
G_mean: 0.8193: 0.4649,16.0866,49,1320,69,3,73,0.5422,0.0018
G_mean: 0.0000: 0.3091,13.013,167,2445,78,1,38,0.2084,0.0394
G_mean: 0.0000: 0.1914,16.9657,219,56,7,4,44,0.5665,0.0115
G_mean: 0.0000: 0.8449,2.0735,216,404,68,5,33,0.7798,0.0031
G_mean: 0.8771: 0.7301,1.9344,78,2238,16,5,58,0.3102,0.0039
G_mean: 0.0000: 0.1581,8.0989,293,1563,45,6,41,0.7661,0.0261
G_mean: 0.7044: 0.9479,16.5542,38,1383,42,2,46,0.2512,0.0174
G_mean: 0.0000: 0.1498,13.5033,228,952,36,4,64,0.2771,0.0658
G_mean: 0.2132: 0.3852,4.6858,85,1795,52,3,40,0.9261,0.0623
G_mean: 0.0000: 0.1389,1.7999,276,1026,77,6,56,0.3655,0.0016
G_mean: 0.0000: 0.166,16.9915,272,2127,39,9,46,0.9128,0.0156
G_mean: 0.0000: 0.6839,1.1668,124,363,12,9,76,0.8462,0.0103
G_mean: 0.7946: 0.0959,3.2699,41,1485,85,3,89,0.5909,0.0226
G_mean: 0.0000: 0.1661,5.1864,220,1273,80,2,43,0.9401,0.0774
G_mean: 0.0000: 0.467,13.4185,226,387,68,8,14,0.8586,0.0527
G_mean: 0.0000: 0.8817,11.1493,215,249,21,8,25,0.8986,0.0493
G_mean: 0.0000: 0.7395,10.8737,191,1553,68,9,62,0.3313,0.0366
G_mean: 0.0000: 0.6704,2.1611,284,1168,40,3,51,0.0231,0.0859
G_mean: 0.2885: 0.8564,3.5859,54,2406,42,4,7,0.0606,0.0038
G_mean: 0.5572: 0.673,8.1634,150,278,20,2,49,0.4899,0.0394
G_mean: 0.3548: 0.139,3.4625,79,604,86,6,97,0.457,0.0722
G_mean: 0.0000: 0.5513,1.4537,150,2666,16,7,13,0.0001,0.0206
G_mean: 0.0000: 0.4712,5.9358,194,1985,89,8,92,0.9713,0.075
G_mean: 0.0000: 0.9108,15.2722,11,367,87,1,66,0.4649,0.0431
G_mean: 0.7135: 0.6065,14.1896,20,508,39,5,48,0.5244,0.084
G_mean: 0.0000: 0.058,19.0969,188,1870,82,6,93,0.1834,0.0875
G_mean: 0.7916: 0.6316,6.0134,40,1549,50,8,49,0.3232,0.0395
G_mean: 0.0000: 0.986,5.1953,282,2537,27,3,14,0.8874,0.0375
G_mean: 0.0000: 0.4727,4.9725,266,1773,89,9,2,0.1925,0.0829
G_mean: 0.0000: 0.7375,19.5102,24,400,42,3,36,0.812,0.0894
G_mean: 0.0000: 0.2704,3.4037,275,1675,81,3,20,0.7906,0.09
G_mean: 0.7737: 0.8541,11.925,110,1227,49,4,19,0.9029,0.0088
G_mean: 0.0000: 0.3159,12.0712,73,71,31,6,12,0.8252,0.0573
G_mean: 0.0000: 0.5975,11.305,147,606,66,7,19,0.2599,0.0997
G_mean: 0.0000: 0.9302,7.4749,137,716,76,6,68,0.1048,0.0718
G_mean: 0.0000: 0.4272,12.9959,178,1669,88,2,99,0.4834,0.0316
G_mean: 0.6207: 0.6627,8.6744,216,576,93,4,92,0.8418,0.0377
G_mean: 0.0000: 0.3588,11.7177,273,357,36,1,14,0.2754,0.0761
G_mean: 0.0000: 0.9143,8.5408,152,143,11,6,44,0.2441,0.0149
G_mean: 0.0000: 0.7903,16.44,244,2653,67,2,28,0.2375,0.0802
G_mean: 0.0000: 0.7968,16.2336,173,574,24,6,95,0.5237,0.0035
G_mean: 0.6450: 0.7236,10.5097,264,438,30,3,41,0.2332,0.0151
G_mean: 0.0000: 0.9394,14.879,31,55,42,7,22,0.9863,0.049
G_mean: 0.0000: 0.0439,10.6674,84,300,70,4,38,0.442,0.0739
G_mean: 0.0000: 0.1161,1.4703,282,2134,89,3,50,0.43,0.0852
G_mean: 0.0000: 0.8539,9.7706,69,1929,83,9,97,0.2132,0.0793
G_mean: 0.0000: 0.5789,15.8381,297,776,63,3,5,0.9615,0.0116
G_mean: 0.0000: 0.9634,17.2506,266,1982,57,8,35,0.4951,0.0305
G_mean: 0.4235: 0.6213,8.8072,163,1162,84,9,71,0.9311,0.0978
G_mean: 0.7791: 0.8417,16.0866,49,1320,69,3,52,0.5422,0.0393
G_mean: 0.0000: 0.3091,1.5872,264,2445,57,1,38,0.2084,0.0394
G_mean: 0.0000: 0.2269,16.9657,219,56,41,4,76,0.5665,0.0115
G_mean: 0.0000: 0.1485,17.4823,216,404,68,5,33,0.4706,0.0436
G_mean: 0.9293: 0.9894,1.9344,78,2238,16,5,58,0.3102,0.0039
G_mean: 0.0000: 0.1581,4.7608,293,1563,45,6,41,0.7661,0.008
G_mean: 0.6347: 0.7104,16.5542,38,1383,68,2,43,0.2512,0.0174
G_mean: 0.3015: 0.1498,13.5033,178,1397,61,4,3,0.2771,0.0658
G_mean: 0.6664: 0.5846,4.6858,85,1795,52,1,5,0.1561,0.0623
G_mean: 0.0000: 0.1389,1.7999,276,1722,23,6,56,0.3655,0.095
G_mean: 0.2099: 0.166,16.9915,116,2127,39,9,46,0.983,0.0156
G_mean: 0.0000: 0.6839,1.1668,124,2087,12,4,76,0.5824,0.0293
G_mean: 0.7477: 0.0959,16.9295,41,742,85,8,89,0.5909,0.0226
G_mean: 0.0000: 0.1661,18.1591,215,1273,37,2,43,0.9401,0.0774
G_mean: 0.0000: 0.467,13.4185,226,387,68,8,14,0.8586,0.0527
G_mean: 0.0000: 0.8817,11.1493,215,1112,21,8,25,0.8986,0.0493
G_mean: 0.0000: 0.7395,10.8737,191,1553,65,9,62,0.1479,0.0366
G_mean: 0.0000: 0.5283,2.1611,284,1168,84,9,6,0.0231,0.0859
G_mean: 0.6371: 0.8564,3.5859,54,1227,42,4,7,0.0606,0.0468
G_mean: 0.0000: 0.673,8.1634,150,379,20,9,49,0.9565,0.0394
G_mean: 0.0000: 0.139,3.4625,79,2201,86,6,59,0.457,0.0463
G_mean: 0.0000: 0.5513,16.7358,150,2666,25,7,13,0.0001,0.0206
G_mean: 0.0000: 0.4712,5.9358,252,1985,46,8,92,0.1349,0.0613
G_mean: 0.0000: 0.6486,4.0643,136,882,87,1,80,0.4649,0.0431
G_mean: 0.7191: 0.6065,14.1896,62,508,39,8,87,0.5244,0.0522
G_mean: 0.0000: 0.6179,19.0969,214,1870,82,6,93,0.1834,0.0376
G_mean: 0.7071: 0.0527,15.8308,40,1549,50,9,49,0.3461,0.0395
G_mean: 0.4989: 0.986,5.1953,260,2537,77,3,38,0.8874,0.0375
G_mean: 0.0000: 0.4727,4.9725,266,1773,89,1,2,0.2356,0.0829
G_mean: 0.0000: 0.7414,19.5102,24,400,42,3,19,0.812,0.0894
G_mean: 0.0000: 0.2704,3.4037,275,1420,81,3,29,0.7906,0.09
G_mean: 0.2132: 0.8541,5.1903,60,1001,49,1,19,0.9029,0.0132
G_mean: 0.0000: 0.5464,12.0712,73,71,31,6,57,0.8252,0.0573
G_mean: 0.0000: 0.5975,11.305,147,606,24,7,19,0.2599,0.0401
G_mean: 0.0000: 0.9302,12.9007,137,2488,76,6,23,0.1048,0.0718
G_mean: 0.0000: 0.4272,12.9959,178,1669,88,6,99,0.4834,0.0281
G_mean: 0.0000: 0.6627,8.6744,216,576,93,4,92,0.8418,0.0377
G_mean: 0.0000: 0.3588,11.7177,273,357,19,1,14,0.2948,0.0761
G_mean: 0.0000: 0.9143,8.5408,136,143,11,6,84,0.2441,0.0149
G_mean: 0.0000: 0.7903,16.44,244,2653,67,2,28,0.2375,0.0802
G_mean: 0.7290: 0.9254,16.2336,173,1489,24,6,55,0.5237,0.0035
G_mean: 0.6478: 0.7236,10.5097,264,438,84,3,41,0.814,0.0151
G_mean: 0.6423: 0.9394,8.8854,31,346,42,5,22,0.2344,0.049
G_mean: 0.0000: 0.6803,10.6674,84,1624,70,4,27,0.3839,0.0739
G_mean: 0.0000: 0.8246,1.4703,287,876,89,3,24,0.43,0.0852
G_mean: 0.0000: 0.5506,16.2412,297,1056,63,7,5,0.9615,0.0116
G_mean: 0.5496: 0.9634,17.2506,219,1982,57,8,35,0.9092,0.0871
G_mean: 0.3015: 0.7479,8.8072,163,1162,62,1,71,0.9311,0.0842
Step: 0, max G_mean: 0.9293203772845852, hyperparameter: [0.9894023343284708, 1.9343684096888605, 77.81898210884607, 2237.641942327818, 15.548322295970866, 4.604405303123101, 57.554145272408185, 0.3101586061169038, 0.003914210730579636]
Round: 2, Step 1
G_mean: 0.6396: 0.4649,11.8783,49,1320,84,3,79,0.5422,0.0508
G_mean: 0.9293: 0.9894,1.9344,78,2238,85,5,58,0.3102,0.0039
G_mean: 0.7300: 0.9479,11.7548,38,1383,42,2,46,0.2399,0.0097
G_mean: 0.0000: 0.1498,13.5033,133,1397,61,4,3,0.2771,0.0658
G_mean: 0.5619: 0.5846,4.6858,85,1795,52,1,5,0.1561,0.0623
G_mean: 0.7442: 0.166,16.9915,116,1108,39,4,46,0.9415,0.0156
G_mean: 0.8703: 0.0959,3.2699,63,1485,52,3,89,0.5909,0.0226
G_mean: 0.0000: 0.8564,3.5859,109,529,80,10,80,0.7534,0.0281
G_mean: 0.7687: 0.5583,8.1634,150,2244,20,2,49,0.4899,0.0394
G_mean: 0.1058: 0.139,3.4625,79,604,86,6,97,0.6351,0.0722
G_mean: 0.0000: 0.6372,14.1896,62,273,39,2,87,0.5445,0.0522
G_mean: 0.7044: 0.6316,6.0134,40,1549,81,8,49,0.3232,0.0062
G_mean: 0.0000: 0.986,11.2391,197,2537,77,3,45,0.8874,0.0375
G_mean: 0.0000: 0.8541,11.9052,110,1267,65,4,19,0.5689,0.0646
G_mean: 0.1961: 0.8419,11.305,147,606,66,7,80,0.7244,0.0997
G_mean: 0.0000: 0.9302,6.68,137,1782,76,6,75,0.3583,0.0917
G_mean: 0.0000: 0.4272,12.9959,178,1669,88,2,47,0.4834,0.0316
G_mean: 0.0000: 0.6627,8.6744,216,576,93,4,51,0.8418,0.0377
G_mean: 0.0000: 0.3588,11.7177,273,357,36,1,14,0.945,0.0604
G_mean: 0.0000: 0.9143,8.5408,152,206,11,6,44,0.5465,0.0149
G_mean: 0.0000: 0.7903,16.44,244,1524,67,5,28,0.2375,0.0802
G_mean: 0.7632: 0.9254,9.7877,173,856,24,7,63,0.5237,0.0035
G_mean: 0.0000: 0.7236,7.5941,264,438,84,3,41,0.5231,0.0879
G_mean: 0.5069: 0.9394,8.8854,31,346,42,5,22,0.2344,0.0317
G_mean: 0.0000: 0.8595,15.1313,179,300,70,4,38,0.3798,0.028
G_mean: 0.9045: 0.8539,2.7534,69,1929,83,9,97,0.2132,0.0581
G_mean: 0.0000: 0.8432,15.8381,297,776,63,3,13,0.9615,0.0116
G_mean: 0.0000: 0.9634,17.2506,219,1982,57,8,35,0.3734,0.0871
G_mean: 0.0000: 0.6213,11.3394,140,1436,84,9,71,0.6198,0.0377
Step: 1, max G_mean: 0.9293203772845852, hyperparameter: [0.9894023343284708, 1.9343684096888605, 77.81898210884607, 2237.641942327818, 15.548322295970866, 4.604405303123101, 57.554145272408185, 0.3101586061169038, 0.003914210730579636]
Round: 2, Step 2
G_mean: 0.8032: 0.4649,8.3849,49,1320,69,3,73,0.5422,0.0018
G_mean: 0.2132: 0.9894,1.9344,78,2238,16,5,36,0.3102,0.0039
G_mean: 0.8161: 0.9479,8.299,38,2134,16,3,46,0.2399,0.0097
G_mean: 0.0000: 0.5846,12.7394,85,1482,52,1,5,0.1561,0.0623
G_mean: 0.0000: 0.726,14.6198,178,1108,58,4,47,0.9415,0.0156
G_mean: 0.7616: 0.0959,3.2699,63,1485,80,4,76,0.5909,0.0226
G_mean: 0.4557: 0.8564,3.5859,54,1641,42,3,7,0.0606,0.0468
G_mean: 0.7242: 0.5583,5.9603,150,759,20,2,78,0.6642,0.0394
G_mean: 0.5547: 0.139,12.3953,79,604,50,6,82,0.457,0.005
G_mean: 0.4264: 0.6065,5.397,62,508,68,8,66,0.5244,0.0171
G_mean: 0.6742: 0.6316,6.0134,40,1549,43,8,49,0.3232,0.0395
G_mean: 0.0000: 0.986,2.9552,260,2537,77,3,38,0.3493,0.0591
G_mean: 0.3693: 0.8541,11.925,114,1227,49,4,19,0.9029,0.0088
G_mean: 0.0000: 0.6627,8.6744,216,576,93,4,92,0.8418,0.0377
G_mean: 0.0000: 0.9254,9.7877,173,2213,24,5,63,0.5766,0.0035
G_mean: 0.4231: 0.7236,10.5097,193,438,78,3,41,0.814,0.0151
G_mean: 0.0000: 0.9394,8.8854,90,69,75,3,75,0.3491,0.0653
G_mean: 0.7568: 0.6019,2.7534,69,947,83,9,97,0.2132,0.0581
G_mean: 0.0000: 0.9634,17.2506,219,1982,57,8,35,0.6749,0.0871
G_mean: 0.0000: 0.638,8.8072,163,490,84,2,71,0.664,0.0978
Step: 2, max G_mean: 0.9293203772845852, hyperparameter: [0.9894023343284708, 1.9343684096888605, 77.81898210884607, 2237.641942327818, 15.548322295970866, 4.604405303123101, 57.554145272408185, 0.3101586061169038, 0.003914210730579636]
computational time: 1.8247354858333333 h
