Round: 2, Step 0
G_mean: 0.0000: 0.3543,13.9673,76,68,70,4,69,0.9779,0.06
G_mean: 0.7578: 0.9076,17.0507,231,87,43,7,12,0.9176,0.0137
G_mean: 0.8186: 0.9106,15.5357,30,79,46,9,59,0.3165,0.0488
G_mean: 0.4430: 0.4362,11.9532,243,29,44,1,3,0.6282,0.0278
G_mean: 0.8345: 0.9908,8.7831,114,33,60,9,18,0.8078,0.0486
G_mean: 0.8624: 0.1493,8.2609,192,42,29,4,6,0.6128,0.0556
G_mean: 0.8071: 0.0069,10.5071,241,37,55,9,56,0.2848,0.0807
G_mean: 0.8361: 0.4715,4.1665,190,32,79,9,24,0.1559,0.0764
G_mean: 0.7578: 0.2809,13.2163,169,48,48,7,97,0.5163,0.0099
G_mean: 0.8146: 0.2597,9.9666,86,83,44,7,91,0.8756,0.0093
G_mean: 0.6295: 0.6699,8.6795,180,19,10,9,17,0.6148,0.0898
G_mean: 0.8558: 0.3553,14.8706,260,39,67,7,38,0.164,0.0758
G_mean: 0.6989: 0.1996,11.904,40,27,68,4,90,0.8679,0.0925
G_mean: 0.8805: 0.1712,1.9762,103,42,90,5,89,0.4093,0.0296
G_mean: 0.8658: 0.4631,19.5314,208,94,59,6,55,0.7762,0.0073
G_mean: 0.8406: 0.4583,12.0795,269,71,98,8,15,0.1091,0.0632
G_mean: 0.8532: 0.6901,10.1742,63,38,85,8,42,0.2919,0.0468
G_mean: 0.6171: 0.8869,2.819,82,60,19,5,62,0.8568,0.0596
G_mean: 0.8267: 0.6775,14.8754,160,43,16,5,73,0.8604,0.0849
G_mean: 0.7554: 0.9066,15.4266,264,76,63,5,39,0.4435,0.0354
G_mean: 0.8912: 0.6918,13.6633,111,80,73,9,41,0.6565,0.0791
G_mean: 0.7803: 0.8195,19.6158,186,49,84,2,63,0.3597,0.0801
G_mean: 0.8199: 0.0041,16.0323,49,90,23,7,84,0.1138,0.0635
G_mean: 0.8001: 0.5931,8.4656,29,79,36,7,49,0.2125,0.0548
G_mean: 0.8469: 0.2298,5.4689,12,41,43,7,52,0.5575,0.0283
G_mean: 0.8654: 0.7924,13.6956,29,91,60,6,82,0.3664,0.0481
G_mean: 0.5721: 0.3379,12.2835,52,9,19,7,26,0.5092,0.0237
G_mean: 0.7339: 0.1855,9.1399,180,19,82,2,91,0.6172,0.0054
G_mean: 0.7555: 0.7621,7.7291,184,22,23,5,3,0.7729,0.0819
G_mean: 0.0000: 0.9171,8.9563,133,6,52,3,20,0.7391,0.0197
G_mean: 0.8547: 0.8734,14.9975,84,36,54,5,7,0.7218,0.0515
G_mean: 0.8570: 0.3593,13.5098,138,59,23,6,99,0.876,0.0272
G_mean: 0.8102: 0.1483,5.1819,264,20,11,7,31,0.1285,0.0443
G_mean: 0.8701: 0.8744,1.6686,221,77,6,2,99,0.4664,0.0096
G_mean: 0.6859: 0.7228,17.6348,82,16,53,9,68,0.0208,0.0782
G_mean: 0.8739: 0.834,3.5666,79,42,32,6,82,0.1819,0.0984
G_mean: 0.7960: 0.3294,19.5464,96,55,11,5,26,0.1096,0.0497
G_mean: 0.8673: 0.0761,15.5618,266,38,52,3,65,0.0667,0.07
G_mean: 0.8417: 0.9554,18.7873,173,86,16,8,13,0.4649,0.0704
G_mean: 0.7030: 0.6967,17.6723,70,31,83,8,67,0.4345,0.0686
G_mean: 0.7133: 0.5875,19.191,70,23,90,4,33,0.747,0.0623
G_mean: 0.7994: 0.2287,1.3743,80,9,30,6,80,0.0074,0.0964
G_mean: 0.8853: 0.5681,16.5426,245,68,90,7,42,0.7618,0.069
G_mean: 0.8814: 0.3109,10.2816,60,94,53,7,18,0.6233,0.0486
G_mean: 0.8488: 0.6037,5.3515,32,55,34,7,7,0.5715,0.0797
G_mean: 0.6527: 0.0231,11.2988,149,17,32,7,13,0.8002,0.0945
G_mean: 0.8687: 0.8535,12.4572,272,68,78,5,30,0.8358,0.0908
G_mean: 0.8722: 0.8494,12.4926,162,50,93,2,77,0.1192,0.0479
G_mean: 0.7963: 0.4362,3.0231,222,20,83,6,87,0.2621,0.0978
G_mean: 0.7889: 0.0113,9.6041,237,33,26,9,17,0.6419,0.0778
G_mean: 0.6795: 0.3543,13.9673,176,16,70,4,69,0.9779,0.06
G_mean: 0.0000: 0.9076,17.0507,231,87,43,7,12,0.9176,0.0137
G_mean: 0.8445: 0.9436,15.5357,30,79,46,9,41,0.3165,0.084
G_mean: 0.0000: 0.4362,16.7618,141,29,48,1,3,0.6282,0.0278
G_mean: 0.8805: 0.9908,8.7831,114,33,60,9,45,0.2354,0.0486
G_mean: 0.4758: 0.1493,8.2609,192,42,29,9,6,0.0958,0.0766
G_mean: 0.8166: 0.7022,10.5071,93,30,55,5,36,0.2848,0.0537
G_mean: 0.8739: 0.6238,4.1665,190,32,79,3,24,0.7735,0.0764
G_mean: 0.8450: 0.4244,9.2885,169,58,48,7,51,0.5163,0.0099
G_mean: 0.7803: 0.2597,15.3966,86,83,96,7,91,0.8756,0.0093
G_mean: 0.7188: 0.6699,8.6795,180,19,10,9,17,0.7704,0.0898
G_mean: 0.6559: 0.271,14.8706,260,71,67,7,47,0.164,0.0758
G_mean: 0.7998: 0.9983,11.904,71,27,68,4,90,0.7976,0.0925
G_mean: 0.8993: 0.1712,1.9762,103,42,90,2,89,0.4093,0.0296
G_mean: 0.7873: 0.4631,11.1521,208,94,59,6,55,0.7762,0.0073
G_mean: 0.8823: 0.4583,2.1914,269,95,98,8,48,0.1091,0.0632
G_mean: 0.8560: 0.3176,10.1742,63,83,85,8,42,0.2919,0.0588
G_mean: 0.8924: 0.8315,2.819,82,70,59,8,83,0.4775,0.0596
G_mean: 0.6729: 0.9715,14.8754,160,43,16,5,73,0.8604,0.0849
G_mean: 0.8082: 0.9066,15.4266,264,76,63,5,98,0.4435,0.0354
G_mean: 0.8267: 0.6918,13.6633,111,80,73,9,2,0.6593,0.088
G_mean: 0.8685: 0.3421,19.6158,186,49,84,2,25,0.3597,0.0801
G_mean: 0.8554: 0.0041,16.0323,49,94,34,9,84,0.5844,0.0635
G_mean: 0.8495: 0.5931,8.4656,102,58,94,7,62,0.2125,0.0548
G_mean: 0.7860: 0.2298,5.4689,12,41,43,7,52,0.5575,0.0589
G_mean: 0.8796: 0.1135,13.6956,256,91,60,6,27,0.3664,0.0575
G_mean: 0.2606: 0.3379,12.2835,52,9,19,7,49,0.5092,0.0237
G_mean: 0.5212: 0.1855,9.1399,180,19,82,2,91,0.6172,0.0054
G_mean: 0.7857: 0.7621,7.7291,184,22,23,5,3,0.6721,0.019
G_mean: 0.8339: 0.9171,8.9563,133,87,37,7,97,0.181,0.0197
G_mean: 0.8457: 0.0165,14.9975,84,36,54,5,23,0.8369,0.0515
G_mean: 0.8133: 0.3593,13.8083,138,59,24,6,99,0.876,0.0272
G_mean: 0.0000: 0.1483,16.0084,264,76,11,7,31,0.1285,0.0443
G_mean: 0.8723: 0.8744,1.6686,221,77,6,2,99,0.1683,0.0096
G_mean: 0.6599: 0.7228,7.0636,82,16,81,8,47,0.8676,0.0914
G_mean: 0.7765: 0.834,14.2281,79,42,32,6,82,0.0045,0.0984
G_mean: 0.8175: 0.3294,19.5464,96,55,52,7,26,0.6148,0.0839
G_mean: 0.8384: 0.0761,15.5618,266,38,52,5,65,0.0667,0.0442
G_mean: 0.8733: 0.6753,18.7873,288,86,16,8,27,0.6271,0.0704
G_mean: 0.7259: 0.6967,17.6723,97,25,32,5,67,0.4345,0.0686
G_mean: 0.7414: 0.5875,11.3434,70,23,90,4,71,0.2777,0.0623
G_mean: 0.8724: 0.213,1.3743,80,27,30,6,80,0.0074,0.0964
G_mean: 0.8965: 0.0949,16.5426,65,68,90,9,42,0.5642,0.069
G_mean: 0.8905: 0.3109,10.2816,60,46,53,7,18,0.6233,0.0486
G_mean: 0.8841: 0.6037,5.3515,32,55,34,5,48,0.5715,0.0573
G_mean: 0.7359: 0.7815,5.6154,149,17,34,6,13,0.8002,0.0484
G_mean: 0.2678: 0.8535,12.4572,272,29,78,5,30,0.8358,0.0908
G_mean: 0.8611: 0.8494,12.4926,132,50,93,2,70,0.1192,0.09
G_mean: 0.4619: 0.3718,3.0231,116,5,50,6,31,0.9502,0.0978
G_mean: 0.6607: 0.0113,9.6041,237,16,44,9,17,0.6419,0.0778
Step: 0, max G_mean: 0.8992907941665428, hyperparameter: [0.17122383184465584, 1.9761535484066775, 103.07235317279141, 41.56239247279025, 89.57468050783184, 1.7021709070780453, 88.84897242217323, 0.4092784291772481, 0.02957129843060701]
Round: 2, Step 1
G_mean: 0.7534: 0.9436,15.5357,30,62,46,9,78,0.5343,0.084
G_mean: 0.8339: 0.9908,8.7831,114,33,60,9,73,0.0742,0.0486
G_mean: 0.8723: 0.1493,13.6363,192,42,66,3,9,0.6128,0.0556
G_mean: 0.8780: 0.6056,4.1665,25,53,79,8,7,0.3745,0.0764
G_mean: 0.8897: 0.4244,12.3577,199,76,48,7,65,0.5163,0.0946
G_mean: 0.8048: 0.3553,15.1602,260,39,67,7,38,0.5906,0.0898
G_mean: 0.8933: 0.1712,1.9762,103,42,90,2,89,0.4093,0.0634
G_mean: 0.0000: 0.4631,19.5314,208,66,59,6,55,0.8299,0.0073
G_mean: 0.9269: 0.4583,2.1914,269,95,98,3,48,0.1091,0.0632
G_mean: 0.8636: 0.8906,16.7866,63,83,72,8,42,0.5842,0.0588
G_mean: 0.9124: 0.8315,2.819,60,50,59,8,83,0.4775,0.0596
G_mean: 0.8682: 0.1021,19.3851,251,80,73,2,41,0.6565,0.0791
G_mean: 0.7841: 0.9724,19.6158,186,38,84,4,25,0.3597,0.0774
G_mean: 0.8629: 0.0041,16.0323,49,94,34,9,66,0.5844,0.0635
G_mean: 0.8974: 0.5931,8.4656,93,61,97,7,62,0.2125,0.0548
G_mean: 0.8853: 0.2298,5.4689,12,79,69,4,52,0.5575,0.0943
G_mean: 0.7327: 0.8475,13.6956,256,21,66,6,22,0.3664,0.0354
G_mean: 0.8317: 0.9171,9.9444,133,42,37,7,36,0.181,0.0197
G_mean: 0.6849: 0.8734,17.6077,199,10,79,5,7,0.7218,0.0251
G_mean: 0.5964: 0.8064,12.4534,138,11,23,6,47,0.876,0.0272
G_mean: 0.8882: 0.3621,1.6686,221,56,6,2,54,0.1683,0.0096
G_mean: 0.8255: 0.834,12.7559,79,46,32,6,82,0.5433,0.0984
G_mean: 0.7932: 0.0761,15.5618,266,38,52,2,65,0.0667,0.07
G_mean: 0.8627: 0.6753,13.3832,288,86,16,8,69,0.6271,0.0704
G_mean: 0.7058: 0.4668,16.1697,80,27,30,6,80,0.7286,0.0598
G_mean: 0.8662: 0.0949,16.5426,20,68,90,4,42,0.0325,0.069
G_mean: 0.8760: 0.3109,10.2816,60,46,53,7,18,0.7423,0.0486
G_mean: 0.8876: 0.8736,5.3515,84,57,55,5,88,0.5715,0.0573
G_mean: 0.7950: 0.7818,12.4572,272,68,53,5,30,0.2355,0.0634
G_mean: 0.8116: 0.4252,12.4926,162,50,36,2,77,0.9164,0.0479
Step: 1, max G_mean: 0.9268852068585128, hyperparameter: [0.458308138382033, 2.191362748469041, 268.6907971924806, 94.698398622525, 98.49394483022698, 2.8491796505172693, 47.98292019688993, 0.10911714186934474, 0.0631522760429578]
Round: 2, Step 2
G_mean: 0.8035: 0.9908,8.7831,114,33,60,5,45,0.2354,0.0486
G_mean: 0.8581: 0.1493,13.6363,192,59,86,3,9,0.1512,0.0556
G_mean: 0.9034: 0.6056,4.1665,25,53,79,8,7,0.3745,0.0764
G_mean: 0.8796: 0.4244,2.7307,199,48,48,7,65,0.5163,0.0842
G_mean: 0.8805: 0.1712,1.9762,72,42,90,2,89,0.4093,0.0296
G_mean: 0.8946: 0.4583,2.1914,269,41,98,8,48,0.5755,0.0632
G_mean: 0.8735: 0.5711,2.819,60,50,59,6,83,0.4775,0.0596
G_mean: 0.8778: 0.674,13.6633,31,80,73,9,27,0.6565,0.0791
G_mean: 0.8885: 0.5931,8.4656,93,61,97,7,31,0.501,0.0522
G_mean: 0.8621: 0.2298,15.5331,12,79,85,6,43,0.5575,0.0943
G_mean: 0.8660: 0.6946,13.6956,256,91,54,2,27,0.0374,0.0051
G_mean: 0.8849: 0.0907,1.6686,81,56,6,2,54,0.1683,0.0096
G_mean: 0.8456: 0.834,13.0385,79,74,32,6,82,0.1819,0.0984
G_mean: 0.8793: 0.6753,9.8505,288,86,93,8,27,0.6271,0.0704
G_mean: 0.7603: 0.213,14.8142,80,27,30,6,80,0.0074,0.0964
G_mean: 0.8555: 0.0949,16.5426,157,68,90,8,3,0.5642,0.069
G_mean: 0.8405: 0.3109,10.2816,60,46,53,8,50,0.6233,0.0486
G_mean: 0.9062: 0.4783,5.3515,84,75,75,8,88,0.5715,0.0781
G_mean: 0.8631: 0.8535,11.6901,121,68,83,8,48,0.8358,0.0908
G_mean: 0.8782: 0.334,8.2637,85,50,93,8,77,0.7112,0.0479
Step: 2, max G_mean: 0.9268852068585128, hyperparameter: [0.458308138382033, 2.191362748469041, 268.6907971924806, 94.698398622525, 98.49394483022698, 2.8491796505172693, 47.98292019688993, 0.10911714186934474, 0.0631522760429578]
Round: 2, Step 3
G_mean: 0.8906: 0.6056,15.6713,25,53,79,8,7,0.3745,0.0764
G_mean: 0.8831: 0.4244,6.0391,199,76,48,7,71,0.5163,0.0946
G_mean: 0.8850: 0.3806,1.9762,103,42,96,2,43,0.4093,0.0648
G_mean: 0.9171: 0.4583,2.1914,269,95,98,8,48,0.1091,0.0632
G_mean: 0.8991: 0.8315,2.819,60,75,80,8,83,0.4447,0.0596
G_mean: 0.8667: 0.6918,13.6633,111,80,73,9,41,0.6565,0.0791
G_mean: 0.9046: 0.5931,4.0913,93,77,97,7,62,0.2125,0.0778
G_mean: 0.8580: 0.0949,16.5426,49,68,90,9,42,0.5642,0.069
G_mean: 0.8860: 0.3109,10.2816,60,70,53,9,18,0.5692,0.0486
G_mean: 0.8970: 0.5025,5.3515,84,75,75,9,88,0.5715,0.0781
Step: 3, max G_mean: 0.9268852068585128, hyperparameter: [0.458308138382033, 2.191362748469041, 268.6907971924806, 94.698398622525, 98.49394483022698, 2.8491796505172693, 47.98292019688993, 0.10911714186934474, 0.0631522760429578]
computational time: 2.773078635 h
