Round: 5, Step 0
G_mean: 0.8220: 0.283,19.6936,156,75,84,8,86,0.927,0.0507
G_mean: 0.4730: 0.507,3.5098,197,5,56,5,24,0.6575,0.0819
G_mean: 0.8712: 0.9092,1.2156,246,64,18,9,29,0.8455,0.0043
G_mean: 0.7947: 0.8653,1.5375,206,74,11,10,94,0.6642,0.01
G_mean: 0.8850: 0.4298,7.5659,269,85,62,1,25,0.272,0.0768
G_mean: 0.7375: 0.4125,19.3763,254,20,10,4,31,0.6126,0.0861
G_mean: 0.7975: 0.2088,11.5894,164,30,81,3,17,0.9268,0.0257
G_mean: 0.1502: 0.1157,11.4655,208,59,2,10,5,0.1148,0.0728
G_mean: 0.3852: 0.8642,6.4365,275,6,28,5,5,0.7874,0.0515
G_mean: 0.8221: 0.4849,15.5537,212,81,26,3,56,0.1652,0.0723
G_mean: 0.7673: 0.3692,17.0839,55,43,60,3,63,0.0495,0.0472
G_mean: 0.8870: 0.0376,2.7893,211,77,56,1,89,0.6405,0.0672
G_mean: 0.7909: 0.0905,12.2853,295,48,60,9,87,0.4511,0.0109
G_mean: 0.8729: 0.1238,13.0826,118,42,39,2,62,0.7606,0.0761
G_mean: 0.8688: 0.0147,19.2323,209,82,39,5,76,0.6421,0.0934
G_mean: 0.8289: 0.8378,14.8161,199,86,28,5,30,0.0626,0.0921
G_mean: 0.0000: 0.4791,15.2011,210,12,1,9,96,0.8858,0.077
G_mean: 0.8406: 0.9889,19.9204,232,65,35,10,19,0.7358,0.0992
G_mean: 0.8665: 0.0131,16.1937,183,95,91,8,7,0.2425,0.0506
G_mean: 0.8552: 0.3705,5.0787,52,80,74,8,57,0.7466,0.0359
G_mean: 0.6873: 0.0725,8.7093,177,15,43,8,56,0.412,0.0736
G_mean: 0.8373: 0.1605,14.0583,86,43,73,5,40,0.3226,0.0852
G_mean: 0.8900: 0.0636,7.4628,55,60,50,5,93,0.4798,0.0445
G_mean: 0.9171: 0.0729,2.0834,144,86,14,6,54,0.0176,0.0193
G_mean: 0.7597: 0.8322,7.9457,235,93,76,6,30,0.8881,0.0242
G_mean: 0.7741: 0.3733,10.3334,36,30,86,9,81,0.896,0.0284
G_mean: 0.4869: 0.858,15.4677,155,7,31,9,59,0.2166,0.0307
G_mean: 0.8685: 0.5749,7.0062,195,62,95,8,5,0.0729,0.0611
G_mean: 0.6341: 0.6579,6.3945,121,9,43,9,23,0.6342,0.088
G_mean: 0.8984: 0.0892,6.0031,161,86,84,3,12,0.303,0.0277
G_mean: 0.7026: 0.8727,18.4281,93,36,31,2,56,0.8223,0.0061
G_mean: 0.9111: 0.1853,1.3403,154,71,33,4,92,0.4129,0.0259
G_mean: 0.6748: 0.5492,15.3471,147,16,40,4,75,0.4437,0.0432
G_mean: 0.0000: 0.459,14.5344,271,43,45,2,58,0.9654,0.0652
G_mean: 0.8080: 0.3199,19.6884,110,49,36,6,10,0.8432,0.0432
G_mean: 0.4028: 0.9584,15.1363,287,71,49,6,23,0.5042,0.0107
G_mean: 0.7628: 0.7587,11.1036,165,28,66,7,86,0.5597,0.08
G_mean: 0.8876: 0.7727,4.1306,230,44,62,3,20,0.0738,0.0215
G_mean: 0.0000: 0.4243,18.4386,253,5,16,7,75,0.937,0.0716
G_mean: 0.7489: 0.3534,5.8854,42,19,32,5,63,0.6855,0.0325
G_mean: 0.7443: 0.3825,11.1429,223,53,2,7,92,0.5627,0.0959
G_mean: 0.8244: 0.6518,10.1356,65,26,68,3,59,0.0469,0.0018
G_mean: 0.7657: 0.0317,16.1039,74,36,67,8,42,0.4366,0.0555
G_mean: 0.4028: 0.509,17.5597,127,51,82,2,39,0.1864,0.0805
G_mean: 0.0000: 0.5125,16.8965,237,93,60,6,8,0.9927,0.0078
G_mean: 0.9042: 0.1905,8.9923,203,57,59,10,96,0.2368,0.0065
G_mean: 0.5702: 0.5601,2.0136,212,6,2,2,82,0.2628,0.0597
G_mean: 0.8745: 0.9361,12.709,106,91,46,5,66,0.5344,0.0357
G_mean: 0.8085: 0.6449,11.2403,43,95,89,9,47,0.6563,0.0834
G_mean: 0.8814: 0.7302,12.7749,101,46,84,4,48,0.5989,0.0797
G_mean: 0.7362: 0.283,19.6936,156,75,84,7,86,0.927,0.017
G_mean: 0.5246: 0.7311,3.5098,197,5,56,5,36,0.143,0.0819
G_mean: 0.8729: 0.9092,1.2156,246,64,18,9,29,0.8455,0.0043
G_mean: 0.8587: 0.0544,1.5375,283,74,67,8,94,0.2223,0.01
G_mean: 0.8865: 0.4298,7.5659,269,85,62,1,25,0.272,0.0768
G_mean: 0.6575: 0.4125,19.3763,254,20,10,4,31,0.2292,0.0861
G_mean: 0.7870: 0.2088,11.5894,164,42,81,3,17,0.9268,0.0257
G_mean: 0.0000: 0.5,12.197,208,28,20,10,84,0.9447,0.0728
G_mean: 0.0000: 0.8642,13.5541,275,6,5,5,5,0.7874,0.0515
G_mean: 0.8215: 0.4849,15.5537,212,81,81,3,87,0.1652,0.0723
G_mean: 0.8232: 0.3692,17.0839,55,66,60,8,19,0.0495,0.0472
G_mean: 0.9113: 0.0376,2.7893,211,77,37,1,89,0.6405,0.0672
G_mean: 0.8197: 0.0905,12.2853,295,48,60,9,87,0.6768,0.0512
G_mean: 0.8499: 0.1238,7.2779,118,42,39,2,62,0.7606,0.0804
G_mean: 0.7162: 0.0147,9.9802,209,17,78,8,76,0.6421,0.0385
G_mean: 0.7238: 0.8378,14.5684,199,86,40,4,30,0.0626,0.0921
G_mean: 0.0000: 0.4791,16.5147,258,12,1,9,96,0.6901,0.077
G_mean: 0.8729: 0.1684,19.9204,232,65,35,10,19,0.7358,0.0386
G_mean: 0.7212: 0.0131,16.1937,183,23,91,3,7,0.2425,0.0506
G_mean: 0.8944: 0.3705,5.0787,52,80,74,10,57,0.0992,0.0359
G_mean: 0.7136: 0.3409,8.7093,177,15,43,2,42,0.7077,0.0736
G_mean: 0.8233: 0.1605,14.0583,170,43,71,5,40,0.3226,0.0852
G_mean: 0.8739: 0.2478,7.0403,55,60,50,9,93,0.4798,0.0445
G_mean: 0.8417: 0.2003,12.5681,144,86,14,6,54,0.0176,0.0746
G_mean: 0.8215: 0.8322,7.9457,111,26,91,6,30,0.2427,0.0624
G_mean: 0.8007: 0.3733,10.3334,36,30,86,9,81,0.896,0.0284
G_mean: 0.5028: 0.1104,15.4677,155,7,31,1,59,0.2166,0.0307
G_mean: 0.8673: 0.5749,7.0062,236,62,25,4,5,0.0729,0.0611
G_mean: 0.3404: 0.7051,18.8717,121,9,43,9,23,0.6342,0.088
G_mean: 0.8499: 0.0892,6.0031,161,86,17,2,12,0.4714,0.071
G_mean: 0.0000: 0.2034,18.4281,245,36,31,2,56,0.8223,0.0061
G_mean: 0.9094: 0.9001,7.4043,154,94,77,4,99,0.5848,0.0719
G_mean: 0.7804: 0.5492,7.525,192,16,40,4,65,0.2967,0.0432
G_mean: 0.0000: 0.459,14.5344,187,43,45,8,58,0.9654,0.0652
G_mean: 0.8272: 0.9426,17.1735,110,49,54,7,12,0.8432,0.0432
G_mean: 0.7652: 0.6658,16.1358,287,71,59,3,30,0.5042,0.0107
G_mean: 0.8239: 0.7587,11.1036,165,28,66,7,45,0.5597,0.0745
G_mean: 0.8532: 0.7727,1.2969,230,16,62,10,20,0.0738,0.0215
G_mean: 0.0000: 0.4243,18.4386,253,5,16,3,61,0.9294,0.0716
G_mean: 0.7927: 0.5152,5.8854,42,19,67,5,12,0.6855,0.0325
G_mean: 0.1229: 0.3825,15.7355,223,29,37,7,92,0.5627,0.0894
G_mean: 0.7982: 0.6518,11.2369,65,26,68,3,59,0.0469,0.0018
G_mean: 0.8478: 0.0317,16.1039,74,36,67,1,42,0.4366,0.0555
G_mean: 0.8451: 0.5002,17.5597,127,51,82,2,90,0.5873,0.004
G_mean: 0.0000: 0.7381,16.8965,237,93,60,6,23,0.9927,0.0078
G_mean: 0.7519: 0.1905,18.5404,203,78,59,10,96,0.2368,0.0065
G_mean: 0.5404: 0.5601,2.0136,212,6,92,2,78,0.0271,0.037
G_mean: 0.8964: 0.382,12.709,106,91,46,5,66,0.3908,0.0066
G_mean: 0.8856: 0.2463,11.2403,221,95,89,9,33,0.6563,0.0834
G_mean: 0.8590: 0.1048,12.7749,101,46,84,3,24,0.5989,0.0797
Step: 0, max G_mean: 0.9171325288483111, hyperparameter: [0.07287839871360924, 2.0834089783681407, 143.77946224346812, 85.73082761813215, 13.818400007385364, 5.965486018369045, 53.77851646178963, 0.01757077129847695, 0.01934708196256245]
Round: 5, Step 1
G_mean: 0.0000: 0.283,19.6936,156,75,83,8,86,0.927,0.0507
G_mean: 0.8372: 0.9092,1.2156,246,64,18,2,29,0.8455,0.083
G_mean: 0.8982: 0.8915,1.5375,283,74,67,8,94,0.2223,0.0336
G_mean: 0.8852: 0.658,7.5659,269,53,62,1,28,0.3544,0.0711
G_mean: 0.9078: 0.4849,15.5537,71,81,40,6,56,0.4001,0.0337
G_mean: 0.6405: 0.4853,17.0839,55,11,77,3,19,0.0495,0.0607
G_mean: 0.8629: 0.0376,15.5941,211,94,37,1,89,0.6405,0.0672
G_mean: 0.8419: 0.5159,7.9885,118,42,39,2,62,0.7606,0.0761
G_mean: 0.8909: 0.0147,7.9194,209,82,39,6,76,0.6421,0.0934
G_mean: 0.8626: 0.9217,14.8161,199,86,28,5,30,0.4602,0.0921
G_mean: 0.8569: 0.1684,19.9204,213,91,35,10,6,0.7358,0.0386
G_mean: 0.8339: 0.3768,16.1937,183,95,61,4,7,0.2425,0.0506
G_mean: 0.8256: 0.3705,5.0787,293,29,57,10,57,0.3171,0.0359
G_mean: 0.8539: 0.1605,14.0583,50,43,73,7,40,0.2839,0.0852
G_mean: 0.8543: 0.0636,9.526,55,60,50,5,93,0.4798,0.0765
G_mean: 0.9120: 0.0729,2.0834,144,86,18,5,75,0.3817,0.0193
G_mean: 0.8233: 0.8322,7.9457,111,26,91,3,83,0.4049,0.0624
G_mean: 0.8770: 0.5749,7.237,214,62,95,7,61,0.0729,0.0395
G_mean: 0.8873: 0.0892,16.4613,161,90,84,3,12,0.303,0.0339
G_mean: 0.9190: 0.1853,1.3403,154,53,96,3,53,0.4129,0.0259
G_mean: 0.8846: 0.9426,12.8998,139,54,54,6,12,0.8432,0.0302
G_mean: 0.7102: 0.7587,11.1036,205,28,66,3,45,0.5597,0.0517
G_mean: 0.8551: 0.7727,4.1306,230,28,62,7,20,0.0738,0.0215
G_mean: 0.7685: 0.9543,10.1356,65,26,68,3,59,0.5077,0.0373
G_mean: 0.8726: 0.0317,16.1039,74,68,67,1,42,0.4366,0.0901
G_mean: 0.7928: 0.5002,17.5597,158,60,82,2,90,0.5873,0.004
G_mean: 0.9121: 0.3509,8.8753,203,57,62,10,96,0.5395,0.0065
G_mean: 0.7667: 0.8804,12.709,106,91,46,5,66,0.3908,0.0066
G_mean: 0.8844: 0.6098,11.2403,59,95,90,4,44,0.6563,0.0281
G_mean: 0.9034: 0.7302,12.7749,167,46,84,4,52,0.5989,0.0797
Step: 1, max G_mean: 0.9189876127420795, hyperparameter: [0.18531526694864253, 1.3403254338834625, 153.9033966151193, 52.56367747389178, 95.51779620236779, 3.2796929547303195, 53.258325568177625, 0.4128629239113666, 0.025868273450035995]
Round: 5, Step 2
G_mean: 0.6007: 0.9092,15.926,246,95,18,9,29,0.8455,0.0043
G_mean: 0.8104: 0.3576,1.5375,283,74,67,8,94,0.8369,0.0954
G_mean: 0.8700: 0.4298,7.5659,155,85,62,1,25,0.272,0.0768
G_mean: 0.8198: 0.4849,15.5537,71,81,40,8,56,0.4702,0.0337
G_mean: 0.8882: 0.0376,2.7893,211,93,37,1,75,0.6405,0.0672
G_mean: 0.7996: 0.1238,13.0826,118,42,39,2,62,0.448,0.0761
G_mean: 0.9013: 0.8178,7.9194,152,82,74,6,76,0.6421,0.0934
G_mean: 0.8702: 0.0499,19.9204,232,65,37,10,74,0.7358,0.0386
G_mean: 0.8935: 0.3705,8.0709,52,80,74,10,57,0.0992,0.0359
G_mean: 0.8456: 0.0636,10.7384,217,41,50,7,93,0.4798,0.0664
G_mean: 0.8879: 0.299,8.7985,144,86,70,6,54,0.0176,0.0745
G_mean: 0.8995: 0.1373,7.237,153,81,54,7,23,0.0729,0.0395
G_mean: 0.9120: 0.0892,6.0031,161,86,84,6,12,0.2464,0.0277
G_mean: 0.9131: 0.1853,1.3403,154,53,96,6,53,0.4129,0.0428
G_mean: 0.8747: 0.6285,12.8998,139,54,54,2,12,0.8432,0.0302
G_mean: 0.8783: 0.7727,4.1306,230,44,62,3,43,0.0738,0.0215
G_mean: 0.9236: 0.1116,6.4675,203,57,62,10,96,0.5395,0.0065
G_mean: 0.8517: 0.0094,6.2652,106,91,51,5,66,0.639,0.0192
G_mean: 0.8780: 0.9666,11.2403,221,56,89,5,41,0.6563,0.0772
G_mean: 0.8383: 0.6642,12.5453,167,46,68,7,51,0.5989,0.0797
Step: 2, max G_mean: 0.9235552608055829, hyperparameter: [0.1115516259201507, 6.467508151990916, 203.23775753502585, 56.862597979932865, 61.563049118932824, 9.916933773925393, 96.20109979400164, 0.5394838414677321, 0.0064868128323057545]
Round: 5, Step 3
G_mean: 0.7803: 0.7207,12.9661,283,43,67,2,94,0.2223,0.0336
G_mean: 0.7740: 0.4849,15.5537,167,81,40,6,56,0.4001,0.0337
G_mean: 0.9062: 0.7521,2.7893,211,77,37,4,89,0.6178,0.0672
G_mean: 0.9037: 0.8178,7.9194,152,82,74,6,76,0.6421,0.0934
G_mean: 0.8694: 0.0729,2.0834,162,86,14,5,54,0.0176,0.0614
G_mean: 0.8867: 0.1373,7.237,153,81,72,4,23,0.0729,0.0704
G_mean: 0.9060: 0.0892,6.0031,161,86,84,4,42,0.2464,0.0277
G_mean: 0.8993: 0.1853,1.3403,154,92,96,3,91,0.7364,0.0259
G_mean: 0.8958: 0.1116,6.4675,203,57,62,5,96,0.5395,0.0971
G_mean: 0.8603: 0.7302,13.2531,174,46,84,4,52,0.5989,0.0949
Step: 3, max G_mean: 0.9235552608055829, hyperparameter: [0.1115516259201507, 6.467508151990916, 203.23775753502585, 56.862597979932865, 61.563049118932824, 9.916933773925393, 96.20109979400164, 0.5394838414677321, 0.0064868128323057545]
Round: 5, Step 4
G_mean: 0.8891: 0.1813,2.7893,211,58,37,1,38,0.6405,0.0672
G_mean: 0.8929: 0.099,5.2743,153,86,14,6,54,0.2212,0.0193
G_mean: 0.8915: 0.1791,6.0031,161,86,84,6,39,0.2464,0.0277
G_mean: 0.9219: 0.1853,1.3403,154,53,96,3,11,0.4129,0.0259
G_mean: 0.8599: 0.1116,6.4675,147,57,62,3,96,0.5395,0.0065
Step: 4, max G_mean: 0.9235552608055829, hyperparameter: [0.1115516259201507, 6.467508151990916, 203.23775753502585, 56.862597979932865, 61.563049118932824, 9.916933773925393, 96.20109979400164, 0.5394838414677321, 0.0064868128323057545]
computational time: 2.1624066091666667 h
