Round: 4, Step 0
G_mean: 0.0000: 0.3543,13.9673,76,68,70,4,69,0.9779,0.06
G_mean: 0.7484: 0.9076,17.0507,231,87,43,7,12,0.9176,0.0137
G_mean: 0.8626: 0.9106,15.5357,30,79,46,9,59,0.3165,0.0488
G_mean: 0.3192: 0.4362,11.9532,243,29,44,1,3,0.6282,0.0278
G_mean: 0.8249: 0.9908,8.7831,114,33,60,9,18,0.8078,0.0486
G_mean: 0.8818: 0.1493,8.2609,192,42,29,4,6,0.6128,0.0556
G_mean: 0.7980: 0.0069,10.5071,241,37,55,9,56,0.2848,0.0807
G_mean: 0.8502: 0.4715,4.1665,190,32,79,9,24,0.1559,0.0764
G_mean: 0.8751: 0.2809,13.2163,169,48,48,7,97,0.5163,0.0099
G_mean: 0.7498: 0.2597,9.9666,86,83,44,7,91,0.8756,0.0093
G_mean: 0.6945: 0.6699,8.6795,180,19,10,9,17,0.6148,0.0898
G_mean: 0.8260: 0.3553,14.8706,260,39,67,7,38,0.164,0.0758
G_mean: 0.7338: 0.1996,11.904,40,27,68,4,90,0.8679,0.0925
G_mean: 0.8885: 0.1712,1.9762,103,42,90,5,89,0.4093,0.0296
G_mean: 0.8150: 0.4631,19.5314,208,94,59,6,55,0.7762,0.0073
G_mean: 0.8769: 0.4583,12.0795,269,71,98,8,15,0.1091,0.0632
G_mean: 0.8500: 0.6901,10.1742,63,38,85,8,42,0.2919,0.0468
G_mean: 0.0000: 0.8869,2.819,82,60,19,5,62,0.8568,0.0596
G_mean: 0.6864: 0.6775,14.8754,160,43,16,5,73,0.8604,0.0849
G_mean: 0.8654: 0.9066,15.4266,264,76,63,5,39,0.4435,0.0354
G_mean: 0.8853: 0.6918,13.6633,111,80,73,9,41,0.6565,0.0791
G_mean: 0.8384: 0.8195,19.6158,186,49,84,2,63,0.3597,0.0801
G_mean: 0.8222: 0.0041,16.0323,49,90,23,7,84,0.1138,0.0635
G_mean: 0.8733: 0.5931,8.4656,29,79,36,7,49,0.2125,0.0548
G_mean: 0.8539: 0.2298,5.4689,12,41,43,7,52,0.5575,0.0283
G_mean: 0.8640: 0.7924,13.6956,29,91,60,6,82,0.3664,0.0481
G_mean: 0.6252: 0.3379,12.2835,52,9,19,7,26,0.5092,0.0237
G_mean: 0.7454: 0.1855,9.1399,180,19,82,2,91,0.6172,0.0054
G_mean: 0.7813: 0.7621,7.7291,184,22,23,5,3,0.7729,0.0819
G_mean: 0.0000: 0.9171,8.9563,133,6,52,3,20,0.7391,0.0197
G_mean: 0.8814: 0.8734,14.9975,84,36,54,5,7,0.7218,0.0515
G_mean: 0.8378: 0.3593,13.5098,138,59,23,6,99,0.876,0.0272
G_mean: 0.8066: 0.1483,5.1819,264,20,11,7,31,0.1285,0.0443
G_mean: 0.8656: 0.8744,1.6686,221,77,6,2,99,0.4664,0.0096
G_mean: 0.7553: 0.7228,17.6348,82,16,53,9,68,0.0208,0.0782
G_mean: 0.8783: 0.834,3.5666,79,42,32,6,82,0.1819,0.0984
G_mean: 0.7941: 0.3294,19.5464,96,55,11,5,26,0.1096,0.0497
G_mean: 0.7923: 0.0761,15.5618,266,38,52,3,65,0.0667,0.07
G_mean: 0.8673: 0.9554,18.7873,173,86,16,8,13,0.4649,0.0704
G_mean: 0.8163: 0.6967,17.6723,70,31,83,8,67,0.4345,0.0686
G_mean: 0.7484: 0.5875,19.191,70,23,90,4,33,0.747,0.0623
G_mean: 0.8094: 0.2287,1.3743,80,9,30,6,80,0.0074,0.0964
G_mean: 0.8735: 0.5681,16.5426,245,68,90,7,42,0.7618,0.069
G_mean: 0.8885: 0.3109,10.2816,60,94,53,7,18,0.6233,0.0486
G_mean: 0.8805: 0.6037,5.3515,32,55,34,7,7,0.5715,0.0797
G_mean: 0.6813: 0.0231,11.2988,149,17,32,7,13,0.8002,0.0945
G_mean: 0.8565: 0.8535,12.4572,272,68,78,5,30,0.8358,0.0908
G_mean: 0.8539: 0.8494,12.4926,162,50,93,2,77,0.1192,0.0479
G_mean: 0.8217: 0.4362,3.0231,222,20,83,6,87,0.2621,0.0978
G_mean: 0.3734: 0.0113,9.6041,237,33,26,9,17,0.6419,0.0778
G_mean: 0.8876: 0.3543,13.9673,174,68,61,4,5,0.83,0.06
G_mean: 0.7589: 0.584,17.0507,231,66,43,7,12,0.0775,0.0137
G_mean: 0.8910: 0.9106,6.1319,30,79,46,9,59,0.3165,0.0488
G_mean: 0.7682: 0.4362,11.9532,243,29,88,1,52,0.6282,0.0278
G_mean: 0.8522: 0.7047,8.7831,114,79,60,9,56,0.8078,0.0986
G_mean: 0.8675: 0.1493,8.2609,192,42,90,4,6,0.6128,0.0556
G_mean: 0.7652: 0.0069,10.5071,128,37,55,9,56,0.3166,0.0807
G_mean: 0.8383: 0.4715,4.1665,190,32,79,9,24,0.5735,0.0764
G_mean: 0.6859: 0.1673,13.2163,169,85,48,7,37,0.5163,0.0099
G_mean: 0.7392: 0.1841,9.9666,86,83,44,4,92,0.8756,0.0093
G_mean: 0.8400: 0.7911,17.31,107,82,21,9,19,0.6148,0.0898
G_mean: 0.7720: 0.3553,14.8706,260,39,67,7,38,0.164,0.0758
G_mean: 0.7240: 0.1996,11.904,40,39,68,4,90,0.8679,0.0925
G_mean: 0.9131: 0.1712,1.9762,103,45,77,5,65,0.4093,0.0296
G_mean: 0.4718: 0.4631,19.5314,208,14,59,6,55,0.7762,0.0073
G_mean: 0.8780: 0.749,6.2571,137,71,77,8,15,0.1091,0.0577
G_mean: 0.4616: 0.2807,10.4938,63,6,85,8,42,0.2919,0.0468
G_mean: 0.8785: 0.8869,2.819,82,60,19,5,18,0.8568,0.036
G_mean: 0.8060: 0.6775,14.8754,160,54,16,9,73,0.8604,0.0849
G_mean: 0.8289: 0.9066,13.9615,264,49,63,5,39,0.4435,0.0354
G_mean: 0.8702: 0.6918,13.6633,111,80,73,9,41,0.6565,0.0791
G_mean: 0.8389: 0.8195,19.6158,186,49,54,8,63,0.3597,0.0801
G_mean: 0.8802: 0.4293,6.4732,100,87,64,7,55,0.1138,0.0635
G_mean: 0.8395: 0.5931,8.4656,29,59,34,7,49,0.5189,0.0548
G_mean: 0.8019: 0.2298,17.0453,12,41,43,7,52,0.5613,0.0283
G_mean: 0.8793: 0.215,13.6956,29,91,60,6,82,0.3664,0.0481
G_mean: 0.6399: 0.3379,12.2835,52,9,63,7,26,0.9052,0.0237
G_mean: 0.8345: 0.1855,3.2156,277,32,46,6,91,0.3025,0.0054
G_mean: 0.7792: 0.7621,7.7291,184,22,83,5,3,0.7729,0.0819
G_mean: 0.0869: 0.9171,9.7061,159,6,53,1,20,0.7391,0.0197
G_mean: 0.8476: 0.8734,14.9975,130,36,54,5,83,0.7218,0.052
G_mean: 0.8508: 0.3593,13.5098,138,50,73,6,99,0.876,0.0936
G_mean: 0.6174: 0.9169,18.9464,89,20,11,7,31,0.9042,0.0443
G_mean: 0.9233: 0.8744,1.6686,221,91,55,2,38,0.4664,0.0096
G_mean: 0.6895: 0.1505,17.6348,82,16,53,9,82,0.0208,0.0685
G_mean: 0.8721: 0.834,3.5666,120,42,90,6,82,0.1819,0.0984
G_mean: 0.7822: 0.6099,19.5464,157,55,11,5,26,0.1096,0.0497
G_mean: 0.8718: 0.0761,15.5618,56,62,52,3,16,0.8546,0.07
G_mean: 0.7817: 0.9554,17.9175,179,86,16,3,13,0.4649,0.0704
G_mean: 0.7409: 0.3908,17.6723,70,31,83,8,67,0.4345,0.0252
G_mean: 0.7598: 0.5875,19.191,70,41,90,8,62,0.747,0.0814
G_mean: 0.8565: 0.524,9.4789,80,73,86,6,80,0.0074,0.0964
G_mean: 0.8873: 0.9094,8.1368,245,68,90,7,42,0.7618,0.069
G_mean: 0.8822: 0.3109,10.2816,60,94,56,7,18,0.6233,0.0353
G_mean: 0.8811: 0.6037,5.3515,238,78,34,7,7,0.5715,0.0797
G_mean: 0.7252: 0.0231,11.2988,149,17,32,7,13,0.5743,0.044
G_mean: 0.4344: 0.8535,17.7321,272,16,12,7,30,0.7466,0.0908
G_mean: 0.8591: 0.2655,12.4926,162,50,93,2,77,0.5197,0.0479
G_mean: 0.8386: 0.4362,3.0231,222,20,83,6,87,0.0657,0.0978
G_mean: 0.7690: 0.9037,9.9505,237,23,26,7,17,0.6419,0.0147
Step: 0, max G_mean: 0.9232729657124655, hyperparameter: [0.8744075823854249, 1.6686239676784498, 220.8978102590212, 90.93043446555589, 55.28700182825393, 1.9383151144221529, 37.94918624667764, 0.4663918346644562, 0.009559524821033377]
Round: 4, Step 1
G_mean: 0.0000: 0.3543,13.9673,174,68,61,4,5,0.9626,0.06
G_mean: 0.8601: 0.9106,6.1319,30,79,46,9,39,0.3165,0.0509
G_mean: 0.8739: 0.7047,8.7831,158,79,60,9,56,0.8078,0.0986
G_mean: 0.8586: 0.5804,12.4527,182,42,29,4,6,0.6128,0.0556
G_mean: 0.8511: 0.3048,4.1665,233,35,79,9,24,0.1559,0.0764
G_mean: 0.8343: 0.2552,13.2163,169,48,48,7,97,0.5163,0.0185
G_mean: 0.8617: 0.6462,17.31,107,82,33,9,19,0.6148,0.0898
G_mean: 0.8982: 0.1712,1.9762,223,45,85,4,65,0.4093,0.0322
G_mean: 0.8716: 0.749,6.2571,60,41,77,8,15,0.0547,0.0577
G_mean: 0.8596: 0.6901,8.2336,96,38,85,8,42,0.2919,0.0494
G_mean: 0.7714: 0.8869,12.3762,82,53,19,5,18,0.8568,0.036
G_mean: 0.7773: 0.9066,15.4266,264,18,8,5,39,0.4435,0.0354
G_mean: 0.8685: 0.6918,13.6633,235,70,73,4,41,0.4778,0.0791
G_mean: 0.8559: 0.8195,7.3605,186,75,54,8,40,0.1668,0.0801
G_mean: 0.8428: 0.4293,6.4732,100,50,64,7,23,0.1138,0.0635
G_mean: 0.8654: 0.9298,8.4656,29,79,36,7,49,0.2125,0.0726
G_mean: 0.8749: 0.2298,15.4147,12,85,41,7,30,0.5575,0.0283
G_mean: 0.8389: 0.703,13.6956,29,91,60,8,82,0.3664,0.0481
G_mean: 0.8605: 0.8734,14.9975,84,36,54,5,7,0.7218,0.0515
G_mean: 0.8443: 0.3593,4.7351,138,50,73,6,99,0.876,0.0936
G_mean: 0.8092: 0.2764,14.2612,74,91,82,2,37,0.4664,0.0096
G_mean: 0.8772: 0.417,3.1714,294,42,32,6,34,0.1819,0.0728
G_mean: 0.8716: 0.0761,15.5618,56,62,80,3,36,0.8546,0.0241
G_mean: 0.8783: 0.9554,8.7789,173,86,35,8,13,0.596,0.0704
G_mean: 0.8186: 0.524,14.1893,80,49,86,6,74,0.0074,0.0099
G_mean: 0.8715: 0.6489,8.1368,245,61,90,7,42,0.8837,0.069
G_mean: 0.8991: 0.1356,5.7421,60,94,53,6,18,0.6233,0.0486
G_mean: 0.0000: 0.6037,5.3515,238,78,55,7,7,0.5715,0.0028
G_mean: 0.8629: 0.8535,12.4572,272,68,78,5,30,0.8358,0.0908
G_mean: 0.6623: 0.2655,12.4926,162,13,93,4,77,0.5197,0.0479
Step: 1, max G_mean: 0.9232729657124655, hyperparameter: [0.8744075823854249, 1.6686239676784498, 220.8978102590212, 90.93043446555589, 55.28700182825393, 1.9383151144221529, 37.94918624667764, 0.4663918346644562, 0.009559524821033377]
Round: 4, Step 2
G_mean: 0.4384: 0.3543,13.9673,174,71,61,4,5,0.83,0.0839
G_mean: 0.8598: 0.9106,6.1319,135,79,46,9,28,0.3165,0.0621
G_mean: 0.8968: 0.7047,2.7398,158,79,60,9,56,0.4974,0.0986
G_mean: 0.8389: 0.1493,8.2609,192,42,29,8,54,0.6128,0.0556
G_mean: 0.8174: 0.8392,13.2163,169,48,48,7,97,0.5163,0.0099
G_mean: 0.9144: 0.1712,1.9762,103,84,77,7,65,0.4093,0.0296
G_mean: 0.8756: 0.749,12.3034,137,71,43,8,15,0.1091,0.0577
G_mean: 0.8775: 0.8869,2.819,82,60,19,8,18,0.7934,0.036
G_mean: 0.8677: 0.3716,13.6633,73,80,73,9,41,0.6814,0.0791
G_mean: 0.9021: 0.4293,6.4732,101,87,40,7,55,0.1138,0.0636
G_mean: 0.8662: 0.5931,8.4656,29,79,36,7,49,0.2125,0.0821
G_mean: 0.8406: 0.6178,6.3688,12,41,41,7,5,0.6289,0.0405
G_mean: 0.8720: 0.215,13.6956,28,91,60,6,30,0.566,0.0481
G_mean: 0.8568: 0.7133,5.3849,161,36,52,5,7,0.7218,0.0515
G_mean: 0.8993: 0.8744,1.6686,221,45,55,4,38,0.4664,0.0096
G_mean: 0.0000: 0.834,3.5666,79,72,32,6,9,0.8901,0.0984
G_mean: 0.8968: 0.9554,8.7789,173,74,35,8,13,0.596,0.0704
G_mean: 0.8822: 0.9094,8.1368,245,68,50,7,42,0.4842,0.0644
G_mean: 0.9261: 0.1356,5.7421,60,94,53,6,18,0.3692,0.0471
G_mean: 0.8817: 0.6037,5.3515,117,78,34,4,7,0.4392,0.0797
Step: 2, max G_mean: 0.9260786405380348, hyperparameter: [0.13563707437653338, 5.742121934330832, 60.06534930198074, 93.72181826871672, 53.13081056766591, 6.142131533266333, 17.57255020682203, 0.36915505782208524, 0.047141705265994906]
Round: 4, Step 3
G_mean: 0.6988: 0.3543,13.9673,174,85,61,8,5,0.83,0.06
G_mean: 0.8831: 0.9106,6.1319,242,79,46,9,59,0.3165,0.0488
G_mean: 0.8850: 0.7047,2.7398,126,79,60,9,56,0.5871,0.0986
G_mean: 0.8858: 0.1712,13.8481,103,84,77,10,65,0.5919,0.0296
G_mean: 0.8730: 0.8852,13.6633,111,80,73,9,26,0.6565,0.0791
G_mean: 0.7978: 0.4293,6.4732,101,87,35,6,55,0.1138,0.0476
G_mean: 0.9346: 0.8744,1.6686,221,91,55,2,38,0.4664,0.0096
G_mean: 0.8923: 0.9554,8.7789,234,74,91,8,13,0.596,0.0704
G_mean: 0.8774: 0.0764,8.1368,245,94,90,7,42,0.7618,0.069
G_mean: 0.8915: 0.1356,5.7421,60,94,35,6,8,0.3692,0.0754
Step: 3, max G_mean: 0.9346310786761844, hyperparameter: [0.8744075823854249, 1.6686239676784498, 220.8978102590212, 90.93043446555589, 55.28700182825393, 1.9383151144221529, 37.94918624667764, 0.4663918346644562, 0.009559524821033377]
Round: 4, Step 4
G_mean: 0.9038: 0.1712,1.9762,103,84,33,7,19,0.5579,0.0728
G_mean: 0.8997: 0.1525,6.4732,101,87,50,7,15,0.3816,0.0636
G_mean: 0.9167: 0.9411,1.6686,171,91,55,2,38,0.4664,0.0712
G_mean: 0.8802: 0.9554,8.7789,173,74,35,8,15,0.596,0.0704
G_mean: 0.9171: 0.1356,5.7421,60,94,49,6,18,0.3692,0.0471
Step: 4, max G_mean: 0.9346310786761844, hyperparameter: [0.8744075823854249, 1.6686239676784498, 220.8978102590212, 90.93043446555589, 55.28700182825393, 1.9383151144221529, 37.94918624667764, 0.4663918346644562, 0.009559524821033377]
Round: 4, Step 5
G_mean: 0.9114: 0.1712,1.9762,103,84,38,7,54,0.1476,0.0671
G_mean: 0.8959: 0.0809,6.4732,101,87,53,7,23,0.3084,0.0636
G_mean: 0.9069: 0.4896,1.6686,109,91,55,2,38,0.4664,0.0654
G_mean: 0.8865: 0.9554,8.7789,173,74,35,8,18,0.596,0.0704
G_mean: 0.9213: 0.1356,5.7421,56,94,54,6,18,0.3692,0.0471
Step: 5, max G_mean: 0.9346310786761844, hyperparameter: [0.8744075823854249, 1.6686239676784498, 220.8978102590212, 90.93043446555589, 55.28700182825393, 1.9383151144221529, 37.94918624667764, 0.4663918346644562, 0.009559524821033377]
computational time: 2.8334276741666664 h
