Round: 5, Step 0
G_mean: 0.0000: 0.3452,2.7649,162,70,92,3,18,0.7927,0.03
G_mean: 0.0000: 0.8627,6.1696,191,168,64,4,88,0.9353,0.0756
G_mean: 0.0000: 0.8564,12.1393,194,161,33,2,97,0.9675,0.0993
G_mean: 0.3339: 0.5868,3.7467,245,95,4,3,79,0.1817,0.0371
G_mean: 0.7831: 0.5649,11.6957,27,485,43,8,16,0.6306,0.0274
G_mean: 0.5351: 0.769,17.5436,146,48,72,6,42,0.1908,0.0228
G_mean: 0.0000: 0.3703,9.486,245,162,43,9,37,0.8195,0.0905
G_mean: 0.0000: 0.7419,6.7804,294,64,5,4,48,0.0914,0.0607
G_mean: 0.4054: 0.6032,6.4889,210,68,53,2,23,0.6136,0.0477
G_mean: 0.2557: 0.6449,16.804,242,120,60,4,88,0.1526,0.0864
G_mean: 0.8576: 0.2538,5.015,124,310,29,5,82,0.4469,0.0315
G_mean: 0.5106: 0.779,15.7248,110,433,83,8,24,0.7544,0.0929
G_mean: 0.9027: 0.4023,16.3097,136,420,51,9,60,0.7758,0.0291
G_mean: 0.0000: 0.6911,5.9641,296,298,72,5,32,0.1478,0.0886
G_mean: 0.8000: 0.4537,12.8303,138,109,40,6,64,0.1104,0.0378
G_mean: 0.8309: 0.9729,10.09,109,255,39,5,35,0.8281,0.0294
G_mean: 0.5920: 0.5054,5.4855,154,487,92,10,9,0.5793,0.0251
G_mean: 0.3646: 0.6013,17.2422,272,388,67,6,93,0.3173,0.0923
G_mean: 0.8163: 0.6208,4.9377,89,274,72,1,45,0.7832,0.0903
G_mean: 0.8084: 0.9501,11.5635,100,138,82,8,56,0.112,0.0854
G_mean: 0.4781: 0.0775,10.2189,259,120,1,6,42,0.2719,0.0142
G_mean: 0.8086: 0.2662,3.3944,83,204,43,9,58,0.6682,0.0299
G_mean: 0.8209: 0.3564,8.0995,172,432,99,9,41,0.365,0.044
G_mean: 0.5123: 0.2848,19.409,174,24,63,5,100,0.524,0.0368
G_mean: 0.7563: 0.1317,7.0967,197,436,46,7,22,0.1062,0.0183
G_mean: 0.2687: 0.6588,18.5852,147,140,89,6,66,0.0668,0.0814
G_mean: 0.7745: 0.9826,10.0184,120,240,51,9,79,0.4252,0.0762
G_mean: 0.5190: 0.4471,13.6265,122,454,63,3,92,0.0195,0.0462
G_mean: 0.9180: 0.5863,4.8307,131,432,65,2,61,0.0276,0.0272
G_mean: 0.9117: 0.2041,1.208,260,393,31,9,96,0.6036,0.0463
G_mean: 0.7412: 0.6708,17.2981,46,134,98,4,96,0.5274,0.0463
G_mean: 0.1367: 0.573,17.6961,97,223,3,2,23,0.8649,0.0355
G_mean: 0.0000: 0.5402,2.1539,113,82,83,6,88,0.7964,0.0916
G_mean: 0.5541: 0.6666,16.6734,284,111,45,10,29,0.1108,0.0492
G_mean: 0.3646: 0.7721,19.5066,53,220,78,9,76,0.9343,0.0356
G_mean: 0.1918: 0.1634,14.7947,288,298,43,3,87,0.4639,0.0827
G_mean: 0.6560: 0.8799,10.6092,159,47,35,7,65,0.4075,0.0051
G_mean: 0.5683: 0.5944,12.4596,244,144,9,6,85,0.6152,0.0828
G_mean: 0.6237: 0.3909,11.44,214,74,30,6,39,0.4943,0.0471
G_mean: 0.8120: 0.0235,12.4487,200,447,35,7,85,0.2863,0.049
G_mean: 0.3712: 0.5836,10.4431,234,59,74,9,30,0.4694,0.0967
G_mean: 0.4514: 0.4084,12.825,161,326,72,6,40,0.8076,0.0849
G_mean: 0.7334: 0.1038,12.6012,94,163,55,3,97,0.3002,0.0849
G_mean: 0.8628: 0.8225,7.0815,90,379,2,9,96,0.4702,0.0923
G_mean: 0.4806: 0.2112,11.0034,111,20,63,8,18,0.0489,0.0181
G_mean: 0.1772: 0.0422,12.6188,216,349,74,8,18,0.9394,0.0854
G_mean: 0.2550: 0.9988,2.8676,164,55,74,7,96,0.2296,0.0499
G_mean: 0.0000: 0.5663,13.5609,12,203,36,9,25,0.9608,0.0786
G_mean: 0.8348: 0.992,10.0501,266,206,49,5,85,0.8667,0.037
G_mean: 0.8922: 0.4786,15.0092,266,461,23,7,18,0.1119,0.0086
G_mean: 0.5596: 0.3452,2.7649,162,70,92,7,18,0.7927,0.03
G_mean: 0.0000: 0.5491,13.3015,191,476,64,4,27,0.9704,0.0756
G_mean: 0.0000: 0.8564,12.1393,194,161,96,2,97,0.9675,0.0993
G_mean: 0.7779: 0.5868,9.3076,109,374,4,3,79,0.1817,0.0839
G_mean: 0.9027: 0.5649,11.6957,27,485,78,9,35,0.2298,0.0274
G_mean: 0.8026: 0.769,17.5436,146,126,72,6,42,0.1908,0.0228
G_mean: 0.1287: 0.3703,9.486,245,249,43,9,37,0.8195,0.0905
G_mean: 0.0000: 0.6228,3.9959,294,64,5,4,48,0.0914,0.0607
G_mean: 0.8588: 0.6032,6.4889,210,365,53,2,32,0.6136,0.0792
G_mean: 0.7488: 0.6449,16.804,242,231,60,3,88,0.1526,0.0864
G_mean: 0.8503: 0.2538,4.2117,124,201,29,5,82,0.4469,0.0509
G_mean: 0.8516: 0.779,15.7248,31,455,83,8,59,0.7544,0.0929
G_mean: 0.8789: 0.4023,16.3097,233,420,51,9,60,0.7758,0.042
G_mean: 0.3010: 0.6911,5.9641,296,298,55,5,32,0.5004,0.0886
G_mean: 0.8142: 0.4537,12.8303,138,109,40,6,61,0.1104,0.0731
G_mean: 0.8285: 0.9729,10.09,92,324,39,5,47,0.8281,0.0294
G_mean: 0.0000: 0.8105,10.9657,154,487,92,10,9,0.5793,0.0622
G_mean: 0.8430: 0.6013,17.94,121,388,67,6,93,0.3173,0.049
G_mean: 0.0000: 0.6208,4.9377,89,274,2,1,92,0.7832,0.0903
G_mean: 0.8564: 0.9501,11.5635,100,305,91,6,56,0.112,0.093
G_mean: 0.6931: 0.7302,12.7848,88,495,1,6,42,0.4401,0.0262
G_mean: 0.8051: 0.2662,3.3944,82,204,43,7,22,0.6682,0.0299
G_mean: 0.4276: 0.3564,8.0995,172,432,99,9,13,0.365,0.0313
G_mean: 0.0000: 0.635,10.8562,61,24,63,5,52,0.524,0.0168
G_mean: 0.8777: 0.5334,7.0967,180,436,65,7,22,0.1062,0.0183
G_mean: 0.7584: 0.6588,9.8329,147,140,89,6,66,0.0668,0.054
G_mean: 0.8274: 0.9826,10.0184,120,240,16,9,68,0.4252,0.0762
G_mean: 0.9208: 0.4471,13.6265,122,454,63,3,92,0.0195,0.0462
G_mean: 0.8845: 0.5863,13.4378,131,432,79,2,61,0.468,0.0272
G_mean: 0.7584: 0.2041,1.208,260,221,43,9,96,0.2618,0.0463
G_mean: 0.0000: 0.6708,17.2981,46,134,58,5,96,0.5274,0.0463
G_mean: 0.2151: 0.573,17.6961,103,223,3,6,24,0.8649,0.0355
G_mean: 0.0000: 0.5402,2.1539,113,82,38,6,88,0.3739,0.0916
G_mean: 0.3630: 0.3861,1.4828,284,111,45,10,29,0.5231,0.0492
G_mean: 0.8213: 0.7721,19.5066,53,220,78,9,99,0.2992,0.0356
G_mean: 0.6428: 0.1634,14.7947,288,310,43,4,87,0.4639,0.0827
G_mean: 0.6859: 0.1375,10.6092,41,47,35,7,87,0.4075,0.0051
G_mean: 0.8516: 0.5944,14.3847,191,262,14,6,85,0.6152,0.0828
G_mean: 0.6417: 0.3909,11.44,214,293,31,6,39,0.4943,0.0268
G_mean: 0.8742: 0.0235,12.4487,200,447,35,7,89,0.2863,0.049
G_mean: 0.4167: 0.5132,10.4431,234,59,74,6,46,0.1949,0.0828
G_mean: 0.8807: 0.8391,1.4699,77,326,72,6,40,0.8076,0.0849
G_mean: 0.7391: 0.1038,12.6012,152,122,39,3,97,0.5297,0.0326
G_mean: 0.0000: 0.5408,7.0815,90,155,2,9,96,0.5109,0.0923
G_mean: 0.1813: 0.8928,11.0034,221,20,74,6,18,0.0489,0.0181
G_mean: 0.2368: 0.0422,12.6188,179,349,74,8,18,0.9394,0.0854
G_mean: 0.6894: 0.9988,2.8676,164,55,65,7,96,0.2296,0.0151
G_mean: 0.0000: 0.5663,13.5609,144,203,36,2,25,0.9608,0.0786
G_mean: 0.8058: 0.992,10.0501,266,206,71,5,85,0.8667,0.037
G_mean: 0.9175: 0.4786,15.0092,266,491,23,3,18,0.1119,0.0952
Step: 0, max G_mean: 0.920755154885716, hyperparameter: [0.44710570190056276, 13.626475325419865, 122.2405628166169, 453.74370010333627, 62.61864367411505, 3.0231612311577676, 91.53552846049985, 0.01949189393200257, 0.04619124884980095]
Round: 5, Step 1
G_mean: 0.8752: 0.5868,9.3076,109,374,4,3,37,0.1817,0.0839
G_mean: 0.8671: 0.5649,11.6957,27,485,32,9,35,0.1124,0.0702
G_mean: 0.3808: 0.769,17.5436,146,188,72,6,63,0.1908,0.0228
G_mean: 0.7317: 0.6032,6.4889,210,226,53,2,32,0.6136,0.0668
G_mean: 0.8051: 0.6449,16.804,242,231,60,3,66,0.4222,0.0427
G_mean: 0.8576: 0.2538,5.015,124,310,39,5,82,0.4469,0.0315
G_mean: 0.8752: 0.4856,15.7248,20,455,83,8,59,0.7544,0.0929
G_mean: 0.8937: 0.8086,16.3097,130,420,40,9,60,0.7758,0.04
G_mean: 0.7733: 0.5692,12.8303,138,109,40,9,61,0.1104,0.0731
G_mean: 0.7660: 0.9729,8.7459,109,255,39,5,35,0.2053,0.0294
G_mean: 0.9128: 0.3628,12.6668,181,388,67,4,87,0.3173,0.049
G_mean: 0.8492: 0.0434,4.9377,89,471,72,1,45,0.7832,0.0903
G_mean: 0.8659: 0.9501,13.2704,100,305,25,6,56,0.4283,0.093
G_mean: 0.7950: 0.2662,3.3944,83,204,60,9,58,0.6682,0.0299
G_mean: 0.4112: 0.3564,8.0995,222,432,99,9,75,0.365,0.0881
G_mean: 0.8039: 0.5334,14.6945,180,256,55,7,22,0.1062,0.0396
G_mean: 0.7138: 0.6588,14.9981,147,140,89,6,66,0.751,0.0678
G_mean: 0.8770: 0.9826,10.0184,120,240,16,9,90,0.5572,0.086
G_mean: 0.6680: 0.4471,13.6265,122,454,63,8,92,0.9199,0.0462
G_mean: 0.2524: 0.1107,17.6883,131,432,50,3,61,0.9947,0.0272
G_mean: 0.5286: 0.4571,2.6695,260,138,31,9,96,0.6036,0.0429
G_mean: 0.8296: 0.6708,17.2981,46,134,98,4,96,0.5274,0.0463
G_mean: 0.7142: 0.7721,19.5066,212,294,78,9,99,0.2992,0.0612
G_mean: 0.7232: 0.5944,8.6518,191,262,58,6,85,0.6152,0.0828
G_mean: 0.8576: 0.7744,12.4487,200,447,35,8,79,0.5531,0.049
G_mean: 0.0000: 0.9033,1.4699,223,294,72,2,40,0.1076,0.0849
G_mean: 0.7893: 0.5311,11.1047,152,122,39,1,97,0.5297,0.0326
G_mean: 0.1487: 0.8225,7.0815,118,379,2,4,84,0.4702,0.0923
G_mean: 0.7940: 0.992,10.0501,266,206,49,3,85,0.49,0.037
G_mean: 0.8219: 0.2936,15.0092,266,236,23,3,18,0.1119,0.0952
Step: 1, max G_mean: 0.920755154885716, hyperparameter: [0.44710570190056276, 13.626475325419865, 122.2405628166169, 453.74370010333627, 62.61864367411505, 3.0231612311577676, 91.53552846049985, 0.01949189393200257, 0.04619124884980095]
Round: 5, Step 2
G_mean: 0.8870: 0.7276,5.3782,102,374,4,3,37,0.1817,0.0839
G_mean: 0.9095: 0.5649,10.4849,165,485,78,9,35,0.415,0.0274
G_mean: 0.9241: 0.6032,6.4889,210,365,14,2,69,0.5985,0.0792
G_mean: 0.8588: 0.2538,5.015,124,310,37,5,82,0.7919,0.0315
G_mean: 0.8097: 0.4856,15.7248,190,455,40,8,72,0.7544,0.0929
G_mean: 0.8886: 0.4023,16.3097,223,420,51,9,60,0.7758,0.0291
G_mean: 0.9015: 0.3628,12.6668,75,327,67,4,87,0.3173,0.049
G_mean: 0.8407: 0.0434,16.9781,73,318,72,8,70,0.7832,0.0903
G_mean: 0.8285: 0.9501,8.3641,81,305,25,6,56,0.7533,0.093
G_mean: 0.8802: 0.5334,7.0967,180,366,65,7,48,0.1062,0.026
G_mean: 0.9206: 0.6038,10.0184,129,356,16,5,90,0.5572,0.086
G_mean: 0.9154: 0.6621,13.6265,170,454,63,3,92,0.5402,0.0462
G_mean: 0.9040: 0.3561,4.8307,131,393,65,2,61,0.0276,0.0272
G_mean: 0.9104: 0.2041,1.8521,260,393,31,9,96,0.6036,0.056
G_mean: 0.0000: 0.5944,14.3847,131,382,14,6,85,0.9431,0.0828
G_mean: 0.8740: 0.0235,3.5898,200,447,35,7,89,0.6277,0.049
G_mean: 0.8480: 0.8391,1.4699,77,437,72,6,40,0.8076,0.0849
G_mean: 0.0000: 0.8225,6.7071,103,418,2,9,96,0.4702,0.0921
G_mean: 0.8479: 0.992,10.0501,266,206,70,5,73,0.8667,0.037
G_mean: 0.0000: 0.4786,15.0092,266,491,55,3,51,0.1119,0.0712
Step: 2, max G_mean: 0.9241491034338194, hyperparameter: [0.6031546649459025, 6.488887999886715, 210.45850076999253, 364.91641483513615, 14.016639974704898, 1.57595787057247, 69.07410152865276, 0.5984518865057418, 0.07915779643775349]
Round: 5, Step 3
G_mean: 0.9122: 0.7276,12.6817,102,374,4,5,37,0.1817,0.0805
G_mean: 0.8186: 0.3986,10.4849,119,485,78,9,58,0.415,0.0274
G_mean: 0.8432: 0.6032,12.4709,114,368,14,2,69,0.5685,0.0792
G_mean: 0.8384: 0.4023,9.6531,136,420,68,5,93,0.7758,0.0291
G_mean: 0.8974: 0.3628,12.6668,181,388,67,5,96,0.3173,0.049
G_mean: 0.9040: 0.6038,10.0184,164,356,16,5,90,0.5572,0.0705
G_mean: 0.8468: 0.4471,7.327,153,454,63,3,92,0.0195,0.0533
G_mean: 0.9143: 0.5863,4.8307,117,432,65,2,89,0.0276,0.0856
G_mean: 0.8695: 0.2041,11.5365,260,393,31,9,88,0.6036,0.0463
G_mean: 0.2761: 0.4786,15.0092,266,491,23,3,91,0.5283,0.0952
Step: 3, max G_mean: 0.9241491034338194, hyperparameter: [0.6031546649459025, 6.488887999886715, 210.45850076999253, 364.91641483513615, 14.016639974704898, 1.57595787057247, 69.07410152865276, 0.5984518865057418, 0.07915779643775349]
Round: 5, Step 4
G_mean: 0.9141: 0.6032,6.4889,210,493,14,2,69,0.5985,0.0971
G_mean: 0.7994: 0.6038,10.0184,129,432,16,5,61,0.0276,0.086
G_mean: 0.9040: 0.4786,13.6265,122,454,23,3,92,0.0195,0.0952
G_mean: 0.8765: 0.4718,15.6484,131,432,65,3,61,0.0276,0.0995
G_mean: 0.8782: 0.4786,15.0092,130,431,65,3,18,0.1119,0.0952
Step: 4, max G_mean: 0.9241491034338194, hyperparameter: [0.6031546649459025, 6.488887999886715, 210.45850076999253, 364.91641483513615, 14.016639974704898, 1.57595787057247, 69.07410152865276, 0.5984518865057418, 0.07915779643775349]
computational time: 2.011458521111111 h
