Round: 6, Step 0
G_mean: 0.0000: 0.1772,14.8162,167,33,32,7,55,0.9021,0.078
G_mean: 0.3721: 0.0545,8.0221,70,1057,20,9,72,0.0172,0.0074
G_mean: 0.2132: 0.3021,9.1568,174,297,85,2,71,0.1459,0.0683
G_mean: 0.0000: 0.4611,7.205,236,68,73,1,24,0.8254,0.0155
G_mean: 0.0000: 0.4005,11.8538,100,89,17,4,97,0.5754,0.0447
G_mean: 0.0000: 0.5688,8.6628,232,694,95,8,11,0.5086,0.0423
G_mean: 0.6868: 0.1494,9.6767,83,458,16,7,75,0.3491,0.0359
G_mean: 0.0000: 0.3018,13.0791,90,1776,39,3,27,0.6615,0.0522
G_mean: 0.0000: 0.2711,8.4105,279,1681,55,5,90,0.4507,0.0738
G_mean: 0.0000: 0.9132,15.3729,136,214,15,1,92,0.3766,0.0773
G_mean: 0.0000: 0.5188,11.5187,116,27,17,9,90,0.7842,0.0393
G_mean: 0.2132: 0.9068,9.6269,275,407,69,1,40,0.1308,0.0123
G_mean: 0.0000: 0.9442,15.3932,255,264,10,2,12,0.5465,0.0853
G_mean: 0.3927: 0.1999,17.9322,181,598,17,3,73,0.468,0.0797
G_mean: 0.0000: 0.0639,9.1115,283,2092,47,7,75,0.1397,0.0677
G_mean: 0.0000: 0.7534,3.4419,259,1419,88,6,71,0.0884,0.0211
G_mean: 0.0000: 0.8152,5.6903,271,1328,74,6,63,0.5718,0.068
G_mean: 0.7385: 0.8865,12.6515,106,980,67,2,95,0.429,0.0401
G_mean: 0.7946: 0.2219,10.6878,17,2325,86,2,16,0.8876,0.0415
G_mean: 0.2132: 0.3307,2.1152,28,87,68,4,49,0.0991,0.0202
G_mean: 0.0000: 0.1461,10.2356,152,1058,15,2,24,0.2202,0.0865
G_mean: 0.3003: 0.5447,19.3927,143,1950,56,1,49,0.984,0.016
G_mean: 0.6347: 0.7159,3.2947,10,545,48,3,64,0.7316,0.0887
G_mean: 0.2099: 0.0302,13.4879,145,1157,61,7,5,0.1845,0.039
G_mean: 0.4869: 0.4484,10.0591,162,2273,7,10,62,0.6892,0.082
G_mean: 0.0000: 0.5341,18.7133,63,2368,64,3,11,0.5703,0.0502
G_mean: 0.0000: 0.7953,10.1778,104,1060,99,3,94,0.9364,0.0271
G_mean: 0.0000: 0.1821,3.5855,267,1006,48,3,88,0.6532,0.0894
G_mean: 0.8790: 0.849,1.2624,66,2243,74,10,6,0.1443,0.0418
G_mean: 0.0836: 0.2064,7.6529,245,2419,28,2,92,0.6167,0.0807
G_mean: 0.0000: 0.2151,4.6772,239,2437,86,6,35,0.4509,0.0493
G_mean: 0.3129: 0.3414,4.4297,272,224,32,6,23,0.0225,0.0311
G_mean: 0.0000: 0.5887,3.084,249,1546,60,6,48,0.2209,0.0659
G_mean: 0.0000: 0.6522,4.5053,85,2701,93,4,44,0.2616,0.0758
G_mean: 0.0000: 0.5775,13.7861,40,1940,43,7,58,0.6148,0.0876
G_mean: 0.0000: 0.1617,19.8601,150,843,67,5,71,0.2097,0.0934
G_mean: 0.0000: 0.3663,18.5279,254,1010,37,6,91,0.1284,0.0363
G_mean: 0.8854: 0.0158,3.4538,90,2058,92,5,50,0.0493,0.0115
G_mean: 0.0000: 0.5284,9.3065,81,389,79,8,81,0.9792,0.0674
G_mean: 0.0000: 0.0949,6.2219,79,2170,80,8,57,0.2091,0.0238
G_mean: 0.0000: 0.5832,19.0012,162,79,73,6,88,0.1587,0.0297
G_mean: 0.3679: 0.2487,8.7434,78,393,94,8,8,0.0167,0.0423
G_mean: 0.0000: 0.6924,5.0468,296,1319,5,6,26,0.1076,0.0695
G_mean: 0.7687: 0.3403,8.0288,138,1998,12,1,94,0.7871,0.0891
G_mean: 0.0000: 0.2769,10.4252,135,2305,86,5,21,0.7111,0.0832
G_mean: 0.0000: 0.8473,19.4007,72,2144,58,8,99,0.284,0.0633
G_mean: 0.0000: 0.7966,7.4527,154,815,63,5,53,0.4268,0.0836
G_mean: 0.0000: 0.9324,14.5216,280,2649,16,5,47,0.7684,0.0872
G_mean: 0.0000: 0.1606,14.8162,167,33,32,3,55,0.9021,0.0595
G_mean: 0.3533: 0.0545,5.3412,70,1401,20,9,71,0.0172,0.0074
G_mean: 0.4231: 0.3021,9.1568,174,297,92,2,95,0.1459,0.0683
G_mean: 0.5515: 0.8616,18.8957,194,1643,77,7,24,0.8254,0.0949
G_mean: 0.0000: 0.4005,11.8538,100,89,69,4,97,0.2836,0.0761
G_mean: 0.7862: 0.5688,11.6393,54,694,90,8,11,0.5086,0.0423
G_mean: 0.0000: 0.1494,1.0589,98,34,16,7,75,0.2388,0.0359
G_mean: 0.8688: 0.6962,13.0791,90,1776,35,3,96,0.181,0.0504
G_mean: 0.0000: 0.2711,8.4105,279,1681,55,5,90,0.261,0.0738
G_mean: 0.0000: 0.7578,15.3729,77,214,15,1,92,0.3766,0.0192
G_mean: 0.0000: 0.5188,11.5187,116,27,17,6,90,0.4833,0.0964
G_mean: 0.0000: 0.9068,9.6269,275,2295,44,3,40,0.712,0.0123
G_mean: 0.3679: 0.9442,6.7248,150,264,10,2,12,0.5465,0.0853
G_mean: 0.2173: 0.1999,17.9322,181,598,17,3,62,0.468,0.0797
G_mean: 0.0000: 0.0639,8.8423,283,2128,47,2,75,0.1397,0.0598
G_mean: 0.0000: 0.7534,3.4419,259,1419,88,6,71,0.423,0.0211
G_mean: 0.0000: 0.8152,5.2486,271,1328,74,6,63,0.5718,0.068
G_mean: 0.4231: 0.8865,12.6515,106,980,67,2,27,0.429,0.0401
G_mean: 0.0000: 0.0206,10.6878,17,2325,63,2,16,0.8876,0.0962
G_mean: 0.3015: 0.3307,2.1152,28,87,68,4,49,0.0991,0.0202
G_mean: 0.7732: 0.1461,10.2356,159,1058,15,3,24,0.2202,0.081
G_mean: 0.0000: 0.5447,19.3927,143,1950,56,1,26,0.984,0.016
G_mean: 0.7155: 0.5879,3.2947,10,1096,48,4,64,0.703,0.0887
G_mean: 0.0000: 0.855,18.5527,58,2027,91,4,1,0.1323,0.0912
G_mean: 0.0000: 0.7955,13.4879,125,1157,98,7,5,0.1845,0.0793
G_mean: 0.2132: 0.4484,10.0591,162,284,47,10,62,0.6892,0.082
G_mean: 0.0000: 0.5122,6.7046,69,809,64,1,11,0.9999,0.0502
G_mean: 0.0000: 0.7953,10.1778,104,1060,6,3,94,0.9364,0.0271
G_mean: 0.0000: 0.1365,3.1774,241,1006,48,3,91,0.571,0.0894
G_mean: 0.7977: 0.849,18.6629,66,2243,74,10,6,0.1443,0.0418
G_mean: 0.0000: 0.2064,7.6529,244,2419,28,2,92,0.2536,0.0807
G_mean: 0.0000: 0.9563,4.6772,239,2437,86,4,35,0.4509,0.0493
G_mean: 0.4248: 0.3414,4.4297,49,224,32,6,23,0.26,0.0311
G_mean: 0.0000: 0.6522,1.3302,204,2701,93,4,75,0.2616,0.0758
G_mean: 0.7933: 0.7519,13.7861,40,1940,43,7,58,0.5857,0.025
G_mean: 0.0000: 0.7812,19.8601,150,843,67,5,71,0.6996,0.0934
G_mean: 0.0000: 0.3663,18.5279,219,2230,37,6,99,0.1284,0.0389
G_mean: 0.0000: 0.0158,3.4538,90,2058,92,5,81,0.9247,0.0555
G_mean: 0.0000: 0.3791,5.9671,81,389,85,8,27,0.9792,0.0674
G_mean: 0.1296: 0.0949,6.2219,132,651,71,8,50,0.2091,0.0181
G_mean: 0.0000: 0.5832,1.0528,162,1101,73,3,88,0.3146,0.0297
G_mean: 0.6094: 0.2487,5.0095,78,393,94,4,77,0.0167,0.0423
G_mean: 0.0000: 0.6924,9.3017,296,1319,5,6,26,0.5693,0.0695
G_mean: 0.2618: 0.3403,8.0288,138,1998,12,1,94,0.7871,0.0029
G_mean: 0.2124: 0.1907,10.4252,135,2305,84,5,21,0.7111,0.0832
G_mean: 0.4152: 0.9101,19.4007,72,2144,92,8,99,0.284,0.0633
G_mean: 0.0000: 0.2412,1.7661,162,1163,96,4,88,0.4877,0.0074
G_mean: 0.0000: 0.7966,7.4527,154,815,63,9,53,0.4268,0.0836
G_mean: 0.0000: 0.9324,16.1209,280,2649,16,5,47,0.7684,0.0872
Step: 0, max G_mean: 0.8853903568009333, hyperparameter: [0.015842338944185297, 3.453842481119826, 89.87040726196958, 2058.361531893369, 91.51784141446092, 4.571966838672267, 49.54200186479968, 0.049343737618639194, 0.01147081551982988]
Round: 6, Step 1
G_mean: 0.7484: 0.0545,8.0221,70,615,20,9,72,0.3362,0.0074
G_mean: 0.3003: 0.6124,6.3945,174,297,92,2,95,0.1459,0.0683
G_mean: 0.2099: 0.7668,18.8957,96,1003,77,7,12,0.6449,0.0612
G_mean: 0.7271: 0.5688,11.6393,54,694,90,8,93,0.5086,0.0423
G_mean: 0.0000: 0.7473,9.6767,184,458,16,5,70,0.3772,0.0359
G_mean: 0.0000: 0.6962,13.0791,90,1776,35,7,96,0.181,0.0504
G_mean: 0.0000: 0.9068,9.6269,275,407,69,8,40,0.1308,0.0123
G_mean: 0.3679: 0.9442,6.7248,150,264,10,2,26,0.6708,0.0853
G_mean: 0.0000: 0.1999,17.9322,16,598,17,3,84,0.468,0.0797
G_mean: 0.0000: 0.8865,12.6515,78,980,60,2,95,0.429,0.0401
G_mean: 0.4753: 0.4633,10.6878,204,2325,47,3,16,0.8876,0.0415
G_mean: 0.3015: 0.3209,2.1152,28,87,68,4,91,0.3275,0.0202
G_mean: 0.0000: 0.1461,10.2356,159,1058,15,3,24,0.385,0.0067
G_mean: 0.0000: 0.263,6.0386,143,1950,56,1,36,0.3177,0.0539
G_mean: 0.5222: 0.5879,3.2947,10,1096,30,4,64,0.0319,0.0887
G_mean: 0.0000: 0.8961,13.4879,145,1157,61,7,5,0.4208,0.0965
G_mean: 0.5052: 0.4484,10.0591,162,2273,7,5,62,0.6892,0.082
G_mean: 0.0815: 0.849,1.2624,66,2243,74,10,44,0.1443,0.0418
G_mean: 0.0000: 0.8748,9.6283,266,2419,28,2,63,0.4304,0.0807
G_mean: 0.0000: 0.3414,14.2306,184,1711,72,6,67,0.26,0.0549
G_mean: 0.8495: 0.3411,13.7861,40,1940,43,5,58,0.233,0.0129
G_mean: 0.4641: 0.3205,6.053,90,1216,92,5,50,0.0493,0.0115
G_mean: 0.0000: 0.0949,6.2219,156,1650,63,8,52,0.2091,0.0181
G_mean: 0.5155: 0.2487,11.9577,12,393,94,4,32,0.0167,0.05
G_mean: 0.0000: 0.3403,8.0288,217,1169,12,4,18,0.4246,0.0024
G_mean: 0.2124: 0.5634,10.4252,135,1197,51,9,21,0.5102,0.0832
G_mean: 0.7447: 0.4465,19.4007,72,2144,92,8,99,0.284,0.0193
G_mean: 0.0000: 0.2412,1.7661,289,299,96,8,99,0.7307,0.057
G_mean: 0.0000: 0.7966,10.5332,154,1432,57,5,53,0.7094,0.0331
G_mean: 0.0000: 0.3366,14.5216,280,959,16,5,47,0.1742,0.0872
Step: 1, max G_mean: 0.8853903568009333, hyperparameter: [0.015842338944185297, 3.453842481119826, 89.87040726196958, 2058.361531893369, 91.51784141446092, 4.571966838672267, 49.54200186479968, 0.049343737618639194, 0.01147081551982988]
Round: 6, Step 2
G_mean: 0.7271: 0.0545,8.0221,70,615,20,9,72,0.3362,0.0074
G_mean: 0.0000: 0.3021,9.1568,174,297,82,2,95,0.1459,0.0282
G_mean: 0.2132: 0.8616,12.2485,145,615,77,7,24,0.8254,0.0597
G_mean: 0.5202: 0.5688,1.5589,54,694,90,8,11,0.2813,0.0466
G_mean: 0.0000: 0.4825,9.6767,150,458,6,7,75,0.3491,0.0359
G_mean: 0.5182: 0.6962,13.0791,72,907,52,3,96,0.181,0.0504
G_mean: 0.0000: 0.9442,3.0024,150,2113,10,2,12,0.5465,0.0644
G_mean: 0.7737: 0.1999,8.7106,181,598,12,1,73,0.468,0.0919
G_mean: 0.7016: 0.8865,12.6515,146,980,10,2,88,0.429,0.0551
G_mean: 0.0000: 0.2219,10.6878,170,2325,38,2,98,0.8876,0.0415
G_mean: 0.0000: 0.1461,10.2356,167,1058,15,3,24,0.2202,0.0596
G_mean: 0.7300: 0.5879,3.2947,10,1096,48,3,92,0.703,0.0887
G_mean: 0.0000: 0.052,10.0591,162,2273,7,5,62,0.6892,0.082
G_mean: 0.9535: 0.849,1.2624,66,2243,74,10,6,0.1443,0.0418
G_mean: 0.5202: 0.3414,1.9276,49,634,32,4,23,0.26,0.0311
G_mean: 0.8257: 0.8934,13.7861,70,1940,43,5,58,0.233,0.0129
G_mean: 0.0000: 0.8119,6.6263,184,369,12,3,22,0.1351,0.0115
G_mean: 0.4561: 0.2487,8.8319,78,393,94,4,77,0.0167,0.0423
G_mean: 0.7977: 0.3403,8.0288,138,1998,12,2,94,0.3089,0.0891
G_mean: 0.7328: 0.4465,2.3977,72,1149,92,4,99,0.284,0.0193
Step: 2, max G_mean: 0.9534625892455924, hyperparameter: [0.8489948436890539, 1.2624307428183468, 65.82873450848649, 2242.708364929913, 74.01143341055545, 9.76796704683061, 5.700707136356919, 0.1443178056279958, 0.0417748839345664]
Round: 6, Step 3
G_mean: 0.9045: 0.7784,10.0332,70,2231,20,9,72,0.3362,0.0074
G_mean: 0.0000: 0.2643,5.6159,150,694,90,2,92,0.5086,0.0423
G_mean: 0.5202: 0.1459,13.0791,90,1776,35,3,96,0.181,0.0504
G_mean: 0.5733: 0.2808,8.7106,181,598,12,2,73,0.468,0.0919
G_mean: 0.6030: 0.2585,10.6878,17,2325,86,2,16,0.2005,0.0415
G_mean: 0.0000: 0.1461,10.2356,159,1058,15,2,24,0.2202,0.081
G_mean: 0.0000: 0.849,14.3896,41,2243,74,10,6,0.2167,0.0418
G_mean: 0.6664: 0.3411,13.7861,40,1940,43,5,58,0.233,0.068
G_mean: 0.9237: 0.0158,3.4538,90,1985,92,5,50,0.2368,0.0115
G_mean: 0.6030: 0.1987,8.0288,167,1531,12,2,55,0.3089,0.0891
Step: 3, max G_mean: 0.9534625892455924, hyperparameter: [0.8489948436890539, 1.2624307428183468, 65.82873450848649, 2242.708364929913, 74.01143341055545, 9.76796704683061, 5.700707136356919, 0.1443178056279958, 0.0417748839345664]
Round: 6, Step 4
G_mean: 0.8757: 0.7784,10.0332,66,2231,64,9,72,0.3362,0.0074
G_mean: 0.0000: 0.8822,13.0791,61,1776,35,3,7,0.1439,0.0504
G_mean: 0.9045: 0.8479,1.2624,66,2243,74,10,8,0.1476,0.0406
G_mean: 0.9149: 0.3411,13.7861,90,1984,43,5,50,0.233,0.0129
G_mean: 0.9293: 0.0158,3.4538,90,1985,92,5,21,0.2368,0.0115
Step: 4, max G_mean: 0.9534625892455924, hyperparameter: [0.8489948436890539, 1.2624307428183468, 65.82873450848649, 2242.708364929913, 74.01143341055545, 9.76796704683061, 5.700707136356919, 0.1443178056279958, 0.0417748839345664]
computational time: 1.8130413566666668 h
