Round: 4, Step 0
G_mean: 0.0000: 0.9682,19.3822,298,298,15,8,18,0.0304,0.0262
G_mean: 0.8873: 0.7927,4.4524,116,287,57,2,97,0.4241,0.0775
G_mean: 0.5900: 0.153,12.9811,87,387,87,5,9,0.7125,0.0551
G_mean: 0.7848: 0.4093,4.6244,74,191,45,8,32,0.4259,0.0945
G_mean: 0.4923: 0.3685,16.5712,272,374,31,10,12,0.0407,0.0297
G_mean: 0.8430: 0.4703,2.7375,185,306,30,7,13,0.5285,0.0073
G_mean: 0.8707: 0.2189,12.6584,147,326,83,8,23,0.5933,0.0306
G_mean: 0.8132: 0.8745,3.8993,260,134,22,5,62,0.282,0.0475
G_mean: 0.8770: 0.8172,9.4918,99,392,78,4,86,0.8296,0.0734
G_mean: 0.7825: 0.234,15.334,279,207,81,5,84,0.5094,0.0838
G_mean: 0.8728: 0.5973,15.741,92,349,27,10,59,0.721,0.0465
G_mean: 0.8163: 0.3098,3.8085,267,232,63,5,21,0.3986,0.0592
G_mean: 0.8671: 0.6364,3.0972,118,487,48,4,50,0.3886,0.0463
G_mean: 0.0000: 0.3463,16.7332,93,258,24,5,97,0.9206,0.0996
G_mean: 0.7766: 0.0797,12.0061,81,305,86,9,77,0.6679,0.0507
G_mean: 0.0000: 0.9287,7.0295,277,314,22,3,54,0.7181,0.004
G_mean: 0.7725: 0.443,15.8812,272,476,56,4,27,0.8161,0.0749
G_mean: 0.4824: 0.5583,3.1273,257,48,49,9,23,0.0031,0.0564
G_mean: 0.7866: 0.4099,6.166,49,140,13,3,40,0.4287,0.0852
G_mean: 0.0000: 0.5737,13.696,95,185,38,6,86,0.9941,0.0835
G_mean: 0.8142: 0.408,7.9351,136,150,97,6,4,0.6274,0.0445
G_mean: 0.6625: 0.9975,10.9566,115,75,33,7,87,0.455,0.0718
G_mean: 0.7396: 0.2112,3.0173,61,333,93,5,27,0.8853,0.0588
G_mean: 0.0910: 0.6517,2.2689,246,491,48,4,47,0.5019,0.0931
G_mean: 0.8018: 0.7861,9.0785,230,229,67,4,91,0.6224,0.0233
G_mean: 0.8600: 0.9145,1.3703,142,297,21,5,86,0.6463,0.0112
G_mean: 0.0000: 0.6035,1.5241,87,110,2,9,78,0.3072,0.0894
G_mean: 0.2883: 0.9552,12.4675,143,339,86,2,26,0.9781,0.0357
G_mean: 0.8393: 0.9559,11.0204,143,291,88,4,44,0.0211,0.016
G_mean: 0.3907: 0.2246,17.4339,111,275,7,4,16,0.8259,0.0581
G_mean: 0.1772: 0.8777,16.1322,276,337,83,10,21,0.4458,0.0979
G_mean: 0.9219: 0.281,3.1044,151,388,97,2,43,0.7742,0.0931
G_mean: 0.6265: 0.7614,18.7518,111,90,73,10,59,0.4204,0.0253
G_mean: 0.5882: 0.8734,9.8145,249,441,51,6,8,0.3415,0.0706
G_mean: 0.8232: 0.6451,8.7418,22,301,61,8,28,0.0827,0.0577
G_mean: 0.7744: 0.8435,12.6887,250,202,55,7,14,0.2966,0.0547
G_mean: 0.0000: 0.3861,10.3914,145,22,61,7,89,0.3406,0.0632
G_mean: 0.8120: 0.8442,6.4397,151,296,50,8,11,0.734,0.0932
G_mean: 0.8151: 0.2978,9.9179,290,210,63,6,65,0.7157,0.055
G_mean: 0.5666: 0.3953,16.3448,256,61,61,4,32,0.5405,0.0198
G_mean: 0.6365: 0.9722,6.7045,256,413,33,3,75,0.0118,0.0845
G_mean: 0.4830: 0.9598,9.933,277,114,53,4,3,0.6276,0.0819
G_mean: 0.0000: 0.1688,1.9292,60,31,62,7,70,0.7329,0.0805
G_mean: 0.7939: 0.1762,18.8494,257,499,11,6,10,0.742,0.0629
G_mean: 0.8175: 0.9596,5.363,153,287,66,1,40,0.3503,0.0837
G_mean: 0.8933: 0.2416,19.256,237,496,48,9,41,0.4844,0.0492
G_mean: 0.8782: 0.8526,17.4676,115,245,74,9,92,0.2199,0.0675
G_mean: 0.8765: 0.1752,3.126,32,331,89,2,81,0.0899,0.0597
G_mean: 0.0000: 0.578,19.7299,300,93,88,9,4,0.9807,0.0085
G_mean: 0.8481: 0.9112,17.2177,153,234,34,2,62,0.0615,0.0575
G_mean: 0.9095: 0.4233,19.3822,298,298,15,8,58,0.0304,0.0262
G_mean: 0.8659: 0.7927,4.4524,173,287,89,7,97,0.4241,0.0422
G_mean: 0.8063: 0.153,12.9811,87,387,56,5,9,0.7125,0.0551
G_mean: 0.7766: 0.4093,4.6244,74,191,45,8,32,0.4259,0.0945
G_mean: 0.1255: 0.4154,16.5712,272,313,31,10,12,0.0407,0.0562
G_mean: 0.8857: 0.4703,2.7375,185,339,30,5,13,0.5285,0.0073
G_mean: 0.4082: 0.2189,3.501,147,326,94,8,23,0.7458,0.0306
G_mean: 0.7240: 0.8745,3.8993,144,134,22,3,33,0.6018,0.0475
G_mean: 0.5643: 0.8172,19.3088,281,392,88,4,37,0.8296,0.0734
G_mean: 0.1823: 0.7894,7.2044,279,207,81,4,84,0.5094,0.0631
G_mean: 0.9040: 0.5973,3.9941,92,349,27,10,59,0.721,0.0251
G_mean: 0.8540: 0.3098,5.8357,176,232,63,5,31,0.3986,0.0592
G_mean: 0.8895: 0.6364,3.0972,118,487,48,4,75,0.3886,0.0463
G_mean: 0.7068: 0.3463,16.7332,153,258,24,5,41,0.9206,0.0114
G_mean: 0.8870: 0.0797,7.1401,81,479,10,8,67,0.2005,0.0833
G_mean: 0.0000: 0.9287,1.7721,277,314,73,4,54,0.4014,0.0856
G_mean: 0.0000: 0.443,15.8812,272,476,56,4,68,0.8161,0.0749
G_mean: 0.4597: 0.5583,3.1273,257,48,49,9,23,0.0031,0.0544
G_mean: 0.8671: 0.4099,6.166,294,374,13,3,17,0.4287,0.0692
G_mean: 0.0000: 0.1964,13.696,183,185,38,6,86,0.9941,0.0835
G_mean: 0.0000: 0.408,7.9351,136,150,97,6,4,0.6274,0.0445
G_mean: 0.6240: 0.9975,10.9566,115,75,33,7,87,0.455,0.0827
G_mean: 0.7293: 0.2402,3.0173,61,413,30,3,27,0.8853,0.0588
G_mean: 0.9099: 0.6517,2.2689,246,491,48,4,47,0.5019,0.0931
G_mean: 0.8250: 0.7861,9.0785,230,229,67,4,91,0.6224,0.0842
G_mean: 0.8108: 0.9145,16.7295,142,297,51,5,86,0.6463,0.0112
G_mean: 0.0000: 0.7662,14.1399,87,110,2,9,78,0.3072,0.0894
G_mean: 0.8777: 0.4321,12.4675,143,339,91,4,26,0.3696,0.0357
G_mean: 0.8552: 0.9559,15.2976,162,291,88,4,44,0.0211,0.0502
G_mean: 0.8552: 0.2246,17.4339,111,275,7,8,67,0.7599,0.0581
G_mean: 0.4294: 0.8777,16.1322,276,439,83,10,21,0.4458,0.027
G_mean: 0.8395: 0.5226,12.9592,210,388,97,2,43,0.8164,0.0931
G_mean: 0.6398: 0.7614,18.7518,111,90,73,10,59,0.4569,0.0253
G_mean: 0.8832: 0.8734,9.8145,249,441,34,9,8,0.3415,0.0706
G_mean: 0.6555: 0.6451,8.7418,22,301,61,8,28,0.8448,0.0577
G_mean: 0.8831: 0.8435,19.0114,250,315,55,7,14,0.2719,0.0547
G_mean: 0.2331: 0.3734,10.3914,145,22,61,6,89,0.6346,0.0632
G_mean: 0.0000: 0.8442,6.4397,151,141,50,8,78,0.7184,0.0932
G_mean: 0.3406: 0.2978,1.2019,290,210,63,6,47,0.7157,0.055
G_mean: 0.9027: 0.3953,16.3448,256,286,61,4,32,0.5405,0.0523
G_mean: 0.8528: 0.9722,6.7045,32,413,33,3,75,0.0118,0.0845
G_mean: 0.1991: 0.9598,11.2445,277,285,53,4,61,0.4504,0.0819
G_mean: 0.0000: 0.1688,4.3914,60,31,59,5,70,0.7329,0.0805
G_mean: 0.8777: 0.1762,18.8494,257,482,11,5,36,0.742,0.0629
G_mean: 0.8646: 0.9596,5.363,153,351,66,1,40,0.3503,0.0781
G_mean: 0.6885: 0.2416,7.7398,237,496,48,9,41,0.6933,0.0553
G_mean: 0.6013: 0.6843,17.4676,115,197,14,2,35,0.4816,0.0675
G_mean: 0.4252: 0.1752,3.126,237,119,89,2,82,0.0899,0.0597
G_mean: 0.0000: 0.8556,15.3595,300,93,88,9,4,0.9807,0.0085
G_mean: 0.6765: 0.9112,16.5466,153,426,87,4,16,0.0615,0.0575
Step: 0, max G_mean: 0.9219045064260682, hyperparameter: [0.2809629150825742, 3.104355654022312, 151.17634982699533, 388.35243622133765, 97.42894451099356, 2.325366531909781, 43.332619400007246, 0.7742159278323131, 0.093149339232205]
Round: 4, Step 1
G_mean: 0.7088: 0.4233,19.3822,104,298,15,8,79,0.2038,0.0262
G_mean: 0.7328: 0.7927,4.4524,116,185,61,2,97,0.4241,0.0775
G_mean: 0.8925: 0.4703,19.8884,185,339,46,5,13,0.5285,0.0073
G_mean: 0.9130: 0.2189,13.3091,147,326,83,8,23,0.5933,0.0306
G_mean: 0.7994: 0.6982,15.5334,99,426,29,4,86,0.8296,0.0899
G_mean: 0.8882: 0.5973,3.9941,146,349,99,10,59,0.721,0.0332
G_mean: 0.8276: 0.3098,5.8357,176,232,63,9,31,0.3986,0.0592
G_mean: 0.9193: 0.6364,3.0972,45,487,30,2,89,0.3886,0.0633
G_mean: 0.8765: 0.4168,7.1401,81,343,10,8,67,0.0758,0.0361
G_mean: 0.6736: 0.4099,6.166,114,109,100,3,17,0.4287,0.0701
G_mean: 0.8082: 0.553,7.9351,136,150,33,6,75,0.594,0.0445
G_mean: 0.8777: 0.6517,2.2689,246,331,48,4,47,0.5019,0.0931
G_mean: 0.8617: 0.6518,9.0785,230,229,6,4,63,0.6224,0.0842
G_mean: 0.8752: 0.3917,1.3703,142,297,21,5,86,0.6463,0.0112
G_mean: 0.8857: 0.4321,12.5242,143,339,73,4,26,0.3696,0.0357
G_mean: 0.9104: 0.2381,15.2976,143,414,88,4,46,0.0211,0.0502
G_mean: 0.8706: 0.2246,17.4339,119,275,7,6,91,0.7599,0.0581
G_mean: 0.8683: 0.281,3.1044,151,388,31,2,78,0.5103,0.0931
G_mean: 0.8845: 0.8734,14.9283,249,324,14,9,59,0.3415,0.0706
G_mean: 0.8336: 0.6451,8.7418,22,273,61,8,28,0.0827,0.0577
G_mean: 0.7098: 0.3498,19.0114,84,191,55,5,29,0.7092,0.0547
G_mean: 0.8028: 0.2978,9.9179,198,210,48,6,65,0.7157,0.055
G_mean: 0.2807: 0.3953,16.3448,256,268,61,8,10,0.2871,0.0523
G_mean: 0.9180: 0.3667,6.7045,32,413,57,2,75,0.0118,0.0393
G_mean: 0.8795: 0.129,8.842,257,482,11,5,36,0.742,0.0214
G_mean: 0.9241: 0.9596,14.7585,153,351,66,6,3,0.3503,0.0556
G_mean: 0.8937: 0.7474,19.256,124,496,99,9,41,0.4844,0.0492
G_mean: 0.8320: 0.8526,17.4676,115,245,46,4,45,0.2199,0.0675
G_mean: 0.8516: 0.1752,3.126,32,331,12,2,90,0.0669,0.0914
G_mean: 0.8425: 0.4425,17.2177,153,234,34,2,62,0.0615,0.0575
Step: 1, max G_mean: 0.9241491034338194, hyperparameter: [0.9596353078155108, 14.758459882277926, 153.34376375451342, 351.29572936924274, 66.44888046129024, 6.096837214231574, 2.6597297441630214, 0.35025363683241906, 0.05562682408444336]
Round: 4, Step 2
G_mean: 0.5387: 0.4233,19.3822,230,298,15,8,58,0.0304,0.0262
G_mean: 0.8765: 0.4694,4.4524,116,292,57,7,59,0.6529,0.0775
G_mean: 0.8610: 0.1877,19.8884,185,339,46,5,13,0.5285,0.0073
G_mean: 0.9091: 0.2189,13.3091,147,326,83,8,23,0.5933,0.0437
G_mean: 0.6822: 0.7209,9.4918,99,392,94,4,38,0.8296,0.0734
G_mean: 0.8516: 0.5973,3.9941,92,349,92,10,59,0.7238,0.0607
G_mean: 0.8976: 0.6364,5.0254,206,337,30,4,27,0.3886,0.0954
G_mean: 0.8832: 0.0797,9.5579,81,458,10,2,67,0.2005,0.0833
G_mean: 0.9154: 0.2278,2.2689,229,491,48,4,61,0.5019,0.0931
G_mean: 0.8857: 0.4321,12.5242,143,339,73,4,26,0.4014,0.0357
G_mean: 0.8694: 0.2381,15.2976,143,414,88,3,46,0.0211,0.0502
G_mean: 0.8131: 0.281,18.1586,256,291,97,2,43,0.7742,0.0532
G_mean: 0.3701: 0.4701,7.5706,249,324,69,9,69,0.3415,0.0706
G_mean: 0.8925: 0.8435,19.0114,290,315,55,4,10,0.1335,0.0547
G_mean: 0.9015: 0.3953,16.3448,39,351,61,4,73,0.5405,0.0523
G_mean: 0.8777: 0.3462,6.7045,32,413,57,2,75,0.0118,0.0393
G_mean: 0.8228: 0.129,8.842,257,262,11,5,36,0.742,0.0214
G_mean: 0.2612: 0.9596,5.1665,284,195,66,6,3,0.3503,0.0681
G_mean: 0.8612: 0.7474,19.256,124,496,72,9,41,0.4844,0.0492
G_mean: 0.8690: 0.8526,12.7532,115,264,74,9,92,0.2199,0.0424
Step: 2, max G_mean: 0.9241491034338194, hyperparameter: [0.9596353078155108, 14.758459882277926, 153.34376375451342, 351.29572936924274, 66.44888046129024, 6.096837214231574, 2.6597297441630214, 0.35025363683241906, 0.05562682408444336]
Round: 4, Step 3
G_mean: 0.9040: 0.4233,2.4576,59,472,15,8,58,0.5559,0.0262
G_mean: 0.8795: 0.2189,15.5569,147,326,53,6,27,0.5933,0.0306
G_mean: 0.8516: 0.5973,3.9941,92,349,27,6,32,0.721,0.0251
G_mean: 0.9180: 0.6364,3.0972,57,487,30,2,89,0.3886,0.0471
G_mean: 0.8006: 0.2278,18.1276,186,491,48,4,61,0.5019,0.056
G_mean: 0.9101: 0.2381,15.2976,233,414,88,4,38,0.0211,0.0301
G_mean: 0.8540: 0.281,18.2467,151,388,97,2,14,0.7742,0.0931
G_mean: 0.8510: 0.3953,16.3448,256,286,61,4,81,0.1061,0.0523
G_mean: 0.9117: 0.3667,6.7045,32,413,57,6,5,0.4048,0.0393
G_mean: 0.8782: 0.0836,7.3004,153,351,66,2,88,0.3503,0.0556
Step: 3, max G_mean: 0.9241491034338194, hyperparameter: [0.9596353078155108, 14.758459882277926, 153.34376375451342, 351.29572936924274, 66.44888046129024, 6.096837214231574, 2.6597297441630214, 0.35025363683241906, 0.05562682408444336]
computational time: 1.5994521686111112 h
