Round: 0, Step 0
G_mean: 0.2132: 0.4874,18.9319,194,1826,34,3,37,0.8484,0.0028
G_mean: 0.0000: 0.4484,18.6203,43,1702,59,1,22,0.3735,0.0922
G_mean: 0.0000: 0.5554,19.6513,21,974,46,8,83,0.3689,0.092
G_mean: 0.0000: 0.3464,13.8792,216,1030,87,7,76,0.5162,0.0379
G_mean: 0.0000: 0.1455,17.3448,185,502,35,8,6,0.2729,0.0347
G_mean: 0.0000: 0.1788,9.0558,266,2172,10,3,18,0.3665,0.0988
G_mean: 0.5141: 0.6063,12.0277,175,853,20,1,53,0.3746,0.0784
G_mean: 0.5937: 0.0343,15.5983,49,45,66,8,3,0.1024,0.0891
G_mean: 0.0000: 0.7072,16.9603,191,1459,66,5,62,0.3413,0.0608
G_mean: 0.0000: 0.0185,12.1219,12,1681,67,1,43,0.9578,0.0891
G_mean: 0.0000: 0.7421,16.8203,284,2391,71,3,69,0.2695,0.0426
G_mean: 0.4248: 0.6903,5.6391,58,181,42,10,30,0.0884,0.099
G_mean: 0.0000: 0.9202,11.0209,294,465,91,8,38,0.5646,0.0853
G_mean: 0.0000: 0.9872,6.9596,104,2670,96,6,26,0.3314,0.0514
G_mean: 0.0000: 0.0306,6.2859,238,2650,71,1,93,0.2298,0.073
G_mean: 0.5202: 0.2974,7.1219,202,1252,69,2,51,0.243,0.0101
G_mean: 0.7687: 0.5761,9.3468,22,2469,87,7,54,0.2802,0.0354
G_mean: 0.0000: 0.9568,10.9714,129,695,100,10,49,0.0574,0.088
G_mean: 0.5162: 0.2913,5.9418,153,1520,35,5,33,0.6501,0.0028
G_mean: 0.0000: 0.3918,4.0808,230,790,13,5,5,0.8193,0.0559
G_mean: 0.0000: 0.4729,11.8417,205,266,70,5,59,0.3358,0.0753
G_mean: 0.7447: 0.278,5.3133,49,593,72,4,64,0.1578,0.0476
G_mean: 0.0000: 0.9573,15.3403,260,91,55,2,81,0.2141,0.0473
G_mean: 0.6396: 0.9147,16.2544,52,1201,84,9,44,0.092,0.0416
G_mean: 0.0000: 0.2833,16.9148,55,264,32,4,51,0.7314,0.0425
G_mean: 0.0000: 0.5847,19.5987,237,1972,19,10,82,0.1745,0.0353
G_mean: 0.7066: 0.4711,11.7057,46,1220,62,9,55,0.8035,0.013
G_mean: 0.4231: 0.9744,12.5461,177,1210,32,3,29,0.1689,0.0082
G_mean: 0.9293: 0.8372,4.115,69,2154,30,3,91,0.4604,0.0115
G_mean: 0.0000: 0.7298,1.8582,77,1940,90,4,12,0.6668,0.094
G_mean: 0.0000: 0.728,14.3872,54,82,75,4,13,0.5387,0.0658
G_mean: 0.0000: 0.4026,8.4565,97,1137,97,5,63,0.0593,0.0682
G_mean: 0.0000: 0.3512,7.8263,294,2343,14,6,62,0.1647,0.0362
G_mean: 0.1058: 0.8138,9.4504,121,648,45,7,99,0.0783,0.0626
G_mean: 0.6030: 0.4788,5.1662,79,1244,5,5,63,0.2529,0.0569
G_mean: 0.0000: 0.5298,8.4299,119,533,5,3,10,0.959,0.054
G_mean: 0.0000: 0.5838,9.1288,192,2100,8,9,10,0.4861,0.0741
G_mean: 0.6563: 0.8249,15.0009,69,2009,3,4,57,0.8572,0.0868
G_mean: 0.2132: 0.0781,6.8774,286,1271,74,2,40,0.4996,0.0983
G_mean: 0.0000: 0.9944,19.8919,295,118,53,5,90,0.2067,0.0027
G_mean: 0.8654: 0.3383,6.8755,16,2511,51,8,12,0.4548,0.0115
G_mean: 0.5830: 0.0398,14.1628,214,1786,7,8,43,0.6195,0.088
G_mean: 0.2132: 0.9007,7.775,55,1222,52,1,96,0.7124,0.0903
G_mean: 0.8352: 0.0415,5.6511,154,2268,82,3,90,0.4937,0.0101
G_mean: 0.6347: 0.7165,3.1436,115,464,24,3,31,0.307,0.0907
G_mean: 0.8528: 0.7966,3.932,52,2668,10,3,82,0.4162,0.0205
G_mean: 0.2132: 0.6861,5.0549,154,1150,77,8,58,0.8082,0.049
G_mean: 0.0000: 0.1302,12.8638,288,179,24,3,30,0.1317,0.0408
G_mean: 0.3693: 0.3344,9.6319,271,263,48,1,14,0.6831,0.0159
G_mean: 0.0000: 0.9685,14.7045,267,2483,58,9,22,0.7811,0.0947
G_mean: 0.0000: 0.4874,18.9319,193,1826,34,3,37,0.8484,0.0028
G_mean: 0.8462: 0.3369,18.6203,57,1702,59,4,22,0.3735,0.0274
G_mean: 0.3282: 0.5554,19.6513,16,557,46,8,83,0.3689,0.092
G_mean: 0.6916: 0.3464,13.8792,53,627,36,7,76,0.5162,0.0379
G_mean: 0.2132: 0.1455,17.3448,185,502,35,8,6,0.9684,0.0403
G_mean: 0.3015: 0.1788,9.0558,124,712,10,9,18,0.7173,0.0988
G_mean: 0.0000: 0.6171,9.5242,220,1491,20,1,53,0.3746,0.0784
G_mean: 0.6445: 0.0343,15.5983,49,45,73,8,3,0.1024,0.0766
G_mean: 0.0000: 0.7072,6.8819,191,2614,66,5,100,0.3413,0.0454
G_mean: 0.3693: 0.0716,12.1219,12,1681,48,1,43,0.9578,0.0339
G_mean: 0.0000: 0.6876,16.8203,284,2391,71,3,61,0.4332,0.0426
G_mean: 0.0000: 0.6903,13.8365,58,181,3,10,12,0.0884,0.099
G_mean: 0.0000: 0.9202,11.0209,294,1605,9,8,38,0.5646,0.0799
G_mean: 0.0000: 0.2811,6.9596,104,2670,47,6,26,0.7978,0.0727
G_mean: 0.0000: 0.5192,6.2859,56,2650,71,1,93,0.2298,0.073
G_mean: 0.0000: 0.8405,7.1219,286,214,14,2,51,0.1248,0.0676
G_mean: 0.0000: 0.5761,9.3468,166,2469,87,7,54,0.2802,0.0354
G_mean: 0.0000: 0.1419,10.9714,129,647,100,10,49,0.0574,0.088
G_mean: 0.0000: 0.2913,5.9418,153,1520,35,7,33,0.6501,0.0212
G_mean: 0.4248: 0.3918,4.0808,230,790,28,5,5,0.8007,0.0559
G_mean: 0.0000: 0.7524,11.8417,205,266,70,7,59,0.1234,0.0546
G_mean: 0.4767: 0.278,5.3133,49,593,19,4,64,0.1578,0.0476
G_mean: 0.3003: 0.315,15.3403,260,91,99,2,81,0.2141,0.0473
G_mean: 0.0000: 0.9147,16.2544,52,1574,84,1,44,0.092,0.0994
G_mean: 0.0000: 0.561,16.9148,55,281,32,7,51,0.7314,0.0425
G_mean: 0.0000: 0.5847,19.5987,192,2090,19,3,82,0.1745,0.0845
G_mean: 0.0000: 0.4711,11.7057,46,84,41,4,43,0.8035,0.013
G_mean: 0.0000: 0.9744,12.5461,85,1067,32,3,36,0.2643,0.0082
G_mean: 0.9257: 0.8372,4.115,129,2561,22,3,91,0.4604,0.0115
G_mean: 0.0793: 0.7298,1.8582,77,1940,90,4,60,0.6668,0.094
G_mean: 0.0000: 0.728,14.3872,54,2110,75,7,13,0.1171,0.0658
G_mean: 0.0000: 0.356,8.4565,177,1137,8,5,63,0.0593,0.0682
G_mean: 0.0000: 0.3332,7.8263,294,2343,14,6,62,0.2229,0.0362
G_mean: 0.3621: 0.8138,9.4504,121,648,45,7,45,0.1961,0.0626
G_mean: 0.7071: 0.3667,5.1662,41,1244,5,5,63,0.2529,0.0569
G_mean: 0.0000: 0.015,3.7394,119,533,5,9,10,0.959,0.054
G_mean: 0.0000: 0.5838,15.2231,192,2100,8,9,10,0.3839,0.0741
G_mean: 0.7357: 0.8249,15.0009,69,2009,3,3,57,0.8572,0.0868
G_mean: 0.7515: 0.0781,6.8774,92,1271,74,2,40,0.4996,0.0911
G_mean: 0.0000: 0.9944,19.8919,22,118,53,8,90,0.2067,0.0599
G_mean: 0.8495: 0.3383,6.8755,16,2511,51,8,12,0.4548,0.0477
G_mean: 0.3993: 0.7324,14.1628,214,1786,7,8,43,0.2631,0.0464
G_mean: 0.7538: 0.9007,7.8535,55,1222,52,1,96,0.9406,0.0903
G_mean: 0.3679: 0.4053,5.6511,274,373,82,3,90,0.4937,0.0101
G_mean: 0.5647: 0.7165,14.9148,115,464,24,3,51,0.307,0.0069
G_mean: 0.0000: 0.7966,10.8535,189,2563,10,8,89,0.4162,0.0644
G_mean: 0.0000: 0.6861,8.61,154,1150,8,9,58,0.9628,0.049
G_mean: 0.0000: 0.3658,12.8638,288,179,24,7,30,0.0759,0.0408
G_mean: 0.0000: 0.3344,9.6319,271,2052,71,1,43,0.3001,0.0159
G_mean: 0.0000: 0.5562,15.6255,267,2483,58,9,22,0.6368,0.0947
Step: 0, max G_mean: 0.9293203772845852, hyperparameter: [0.8371546311559733, 4.1150073979860124, 69.47460473452288, 2153.8854845586934, 30.272835902160136, 3.389355534838307, 91.18965968771812, 0.4604276653375654, 0.011472784405190267]
Round: 0, Step 1
G_mean: 0.3693: 0.971,13.5518,57,1702,51,4,32,0.3735,0.0274
G_mean: 0.2748: 0.4999,8.9052,130,557,46,8,83,0.3689,0.092
G_mean: 0.1961: 0.2515,13.8792,53,627,36,7,76,0.5162,0.0379
G_mean: 0.6832: 0.283,9.0558,124,712,10,9,18,0.7173,0.0988
G_mean: 0.3129: 0.6063,8.8149,17,853,20,1,53,0.3746,0.0784
G_mean: 0.0000: 0.0343,10.7077,49,45,73,8,83,0.1024,0.0513
G_mean: 0.5222: 0.0716,12.1219,12,1681,77,1,74,0.9578,0.0315
G_mean: 0.3693: 0.0827,5.6391,58,181,43,10,30,0.0884,0.099
G_mean: 0.5222: 0.2974,10.609,218,1252,69,2,51,0.243,0.0101
G_mean: 0.4767: 0.5761,9.3468,150,1410,23,3,54,0.2802,0.0354
G_mean: 0.5202: 0.2913,13.5938,69,1025,35,5,33,0.6501,0.0277
G_mean: 0.4749: 0.3918,4.0808,146,790,74,5,5,0.8007,0.0559
G_mean: 0.0000: 0.278,5.3133,111,2629,72,4,64,0.1578,0.0476
G_mean: 0.0000: 0.3779,15.3403,260,91,99,2,81,0.2141,0.0473
G_mean: 0.8410: 0.9147,10.8664,52,1201,75,5,33,0.092,0.0416
G_mean: 0.3993: 0.4711,16.8992,144,1220,62,4,32,0.915,0.0874
G_mean: 0.0000: 0.9744,14.9426,177,1873,63,3,29,0.1689,0.0082
G_mean: 0.4231: 0.1089,4.115,91,908,32,5,91,0.3344,0.0115
G_mean: 0.2774: 0.8138,9.4504,121,648,45,7,76,0.5509,0.0592
G_mean: 0.6742: 0.0912,1.361,41,1244,5,2,66,0.2529,0.0569
G_mean: 0.6322: 0.8249,9.395,69,825,3,3,53,0.005,0.0868
G_mean: 0.0000: 0.3711,4.1181,181,1973,46,2,40,0.5176,0.0643
G_mean: 0.0000: 0.8954,6.8755,111,2511,71,8,12,0.4548,0.0735
G_mean: 0.1240: 0.0398,14.1628,214,614,7,8,43,0.6195,0.088
G_mean: 0.5547: 0.1849,9.9416,55,1222,52,2,96,0.7811,0.0696
G_mean: 0.8870: 0.0415,5.6511,146,1598,68,3,90,0.6494,0.0101
G_mean: 0.0000: 0.7165,3.1436,229,464,77,3,31,0.735,0.0353
G_mean: 0.0000: 0.7966,3.932,195,2668,10,3,82,0.4162,0.0205
G_mean: 0.0000: 0.6861,5.0549,154,1150,65,8,35,0.8082,0.049
G_mean: 0.0000: 0.3344,9.6319,115,263,48,3,14,0.6831,0.0159
Step: 1, max G_mean: 0.9293203772845852, hyperparameter: [0.8371546311559733, 4.1150073979860124, 69.47460473452288, 2153.8854845586934, 30.272835902160136, 3.389355534838307, 91.18965968771812, 0.4604276653375654, 0.011472784405190267]
Round: 0, Step 2
G_mean: 0.6747: 0.1272,18.6203,57,1702,59,4,22,0.3735,0.0274
G_mean: 0.7900: 0.3464,11.4293,53,627,36,9,76,0.5162,0.0379
G_mean: 0.6258: 0.3944,9.0558,220,712,83,1,18,0.7173,0.0199
G_mean: 0.0000: 0.0343,15.5983,122,45,73,3,53,0.0186,0.0766
G_mean: 0.0000: 0.4302,15.5628,12,1645,77,10,74,0.9578,0.0315
G_mean: 0.0000: 0.2974,10.609,74,1252,69,2,51,0.3836,0.0101
G_mean: 0.0000: 0.5761,9.3468,125,2469,86,7,71,0.2802,0.0354
G_mean: 0.4264: 0.6972,4.965,49,593,72,4,64,0.2857,0.0476
G_mean: 0.0000: 0.5364,1.9796,26,201,43,5,48,0.092,0.0663
G_mean: 0.3693: 0.4711,11.7057,46,1220,62,2,64,0.8035,0.013
G_mean: 0.9424: 0.8372,4.115,69,2154,21,4,91,0.2964,0.0115
G_mean: 0.0000: 0.0363,5.1662,139,1244,51,3,63,0.2529,0.0569
G_mean: 0.7328: 0.8249,15.0009,73,1420,3,4,57,0.8572,0.0868
G_mean: 0.7477: 0.0781,6.8774,42,1135,51,2,91,0.4996,0.0507
G_mean: 0.7598: 0.3383,5.3055,16,729,51,8,12,0.4548,0.0851
G_mean: 0.7385: 0.0398,14.1628,41,1786,7,8,45,0.6195,0.0808
G_mean: 0.8086: 0.9007,7.8535,78,1222,39,1,41,0.9406,0.0903
G_mean: 0.7800: 0.0415,6.4116,146,865,68,3,59,0.3049,0.0101
G_mean: 0.4248: 0.7165,3.1436,115,307,24,4,43,0.1979,0.0504
G_mean: 0.7977: 0.5847,3.932,52,2668,46,3,82,0.2344,0.0205
Step: 2, max G_mean: 0.9423968846042988, hyperparameter: [0.8371546311559733, 4.1150073979860124, 69.47460473452288, 2153.8854845586934, 21.45205640006067, 3.6357339722792736, 91.18965968771812, 0.2964338718456211, 0.011472784405190267]
Round: 0, Step 3
G_mean: 0.8723: 0.3369,18.6203,57,1702,32,9,73,0.3735,0.0274
G_mean: 0.7692: 0.7554,8.6944,53,627,75,9,76,0.5162,0.0379
G_mean: 0.9237: 0.5761,9.3468,22,2469,32,7,54,0.2802,0.0354
G_mean: 0.7328: 0.0149,10.8664,52,1201,82,5,33,0.092,0.0416
G_mean: 0.8790: 0.8372,4.115,38,2154,21,4,91,0.2964,0.0115
G_mean: 0.5866: 0.6048,6.8774,92,1271,74,9,77,0.4996,0.0911
G_mean: 0.8790: 0.3383,6.8755,39,2511,51,8,12,0.4548,0.0115
G_mean: 0.2132: 0.9007,7.8535,78,697,39,1,41,0.5744,0.0903
G_mean: 0.8396: 0.0415,5.6511,35,1598,7,3,77,0.4428,0.0101
G_mean: 0.9770: 0.7966,9.8588,52,2668,33,3,82,0.4903,0.0505
Step: 3, max G_mean: 0.9770084209183945, hyperparameter: [0.7965703515826886, 9.858770490638015, 52.30248930641729, 2668.1984575290526, 32.61465868558754, 2.8439800548160945, 82.48502469999613, 0.4902633237070486, 0.05048023484318447]
Round: 0, Step 4
G_mean: 0.8790: 0.5761,5.5432,22,2469,32,7,87,0.2802,0.0087
G_mean: 0.5222: 0.8372,4.115,69,2667,33,4,82,0.2964,0.0115
G_mean: 0.7946: 0.3383,6.8755,39,2668,33,3,12,0.4548,0.0505
G_mean: 0.5641: 0.8172,5.6511,146,2696,68,3,90,0.6494,0.0101
G_mean: 0.1519: 0.7966,9.8588,52,1592,33,3,82,0.4903,0.0086
Step: 4, max G_mean: 0.9770084209183945, hyperparameter: [0.7965703515826886, 9.858770490638015, 52.30248930641729, 2668.1984575290526, 32.61465868558754, 2.8439800548160945, 82.48502469999613, 0.4902633237070486, 0.05048023484318447]
Round: 0, Step 5
G_mean: 0.0000: 0.095,9.3468,147,2469,32,7,54,0.6536,0.0354
G_mean: 0.9040: 0.1223,4.115,69,2154,64,3,91,0.6478,0.0115
G_mean: 0.9349: 0.3383,6.8755,39,2511,32,3,83,0.4548,0.0115
G_mean: 0.8129: 0.0724,5.8753,146,1598,67,3,90,0.6494,0.0101
G_mean: 0.0000: 0.7966,9.8588,52,2668,67,3,82,0.4903,0.0505
Step: 5, max G_mean: 0.9770084209183945, hyperparameter: [0.7965703515826886, 9.858770490638015, 52.30248930641729, 2668.1984575290526, 32.61465868558754, 2.8439800548160945, 82.48502469999613, 0.4902633237070486, 0.05048023484318447]
computational time: 1.6086515519444444 h
