Round: 4, Step 0
G_mean: 0.0000: 0.6571,19.0199,156,2320,21,6,5,0.8879,0.0868
G_mean: 0.2132: 0.2269,14.4159,129,930,70,5,69,0.7032,0.072
G_mean: 0.0836: 0.7744,1.8682,155,1922,80,5,57,0.9375,0.0197
G_mean: 0.7230: 0.2401,1.3463,115,637,18,3,60,0.8067,0.043
G_mean: 0.0000: 0.4618,8.0871,94,2282,1,5,40,0.8481,0.0035
G_mean: 0.0000: 0.1853,8.5002,210,588,22,8,9,0.4676,0.0576
G_mean: 0.2132: 0.66,1.5627,69,2132,58,3,33,0.0057,0.0893
G_mean: 0.8161: 0.8294,9.8642,40,1680,48,9,61,0.3133,0.0428
G_mean: 0.6690: 0.0172,13.0142,65,541,33,4,71,0.188,0.069
G_mean: 0.0000: 0.0132,17.089,61,136,3,9,53,0.7376,0.0588
G_mean: 0.0000: 0.9312,15.5879,18,1538,91,2,64,0.936,0.0358
G_mean: 0.0000: 0.1363,19.7209,291,2376,40,8,99,0.4956,0.0939
G_mean: 0.0000: 0.5655,16.2762,196,1050,34,2,6,0.9814,0.0103
G_mean: 0.0000: 0.4315,4.0992,207,2706,54,7,22,0.7884,0.0582
G_mean: 0.0000: 0.8978,8.1564,292,481,2,8,77,0.6272,0.0606
G_mean: 0.0000: 0.832,13.246,213,321,78,6,69,0.5048,0.0447
G_mean: 0.0000: 0.6549,17.562,219,136,3,1,28,0.3775,0.0659
G_mean: 0.3763: 0.9447,15.4021,114,2258,40,8,56,0.8855,0.0642
G_mean: 0.0000: 0.7054,16.5793,193,1405,28,6,2,0.8261,0.0972
G_mean: 0.0000: 0.42,15.4335,194,1378,63,4,46,0.7157,0.0741
G_mean: 0.0000: 0.9681,4.72,299,1870,80,7,89,0.0354,0.081
G_mean: 0.7470: 0.2834,11.0787,73,1662,86,6,11,0.8264,0.0047
G_mean: 0.3015: 0.5005,6.8058,220,427,87,3,29,0.747,0.0074
G_mean: 0.0000: 0.8111,10.3005,298,541,40,7,96,0.1522,0.0717
G_mean: 0.0000: 0.071,18.2978,222,2064,11,4,20,0.1843,0.0845
G_mean: 0.0000: 0.7986,18.5271,77,2141,9,7,85,0.0281,0.0665
G_mean: 0.3693: 0.2312,16.9102,55,742,60,6,23,0.8681,0.0073
G_mean: 0.0000: 0.7948,14.689,35,20,64,1,92,0.3878,0.0802
G_mean: 0.7657: 0.4327,19.6454,19,2462,65,1,39,0.9439,0.0279
G_mean: 0.0000: 0.1679,16.7234,27,2177,7,2,21,0.4908,0.0778
G_mean: 0.0000: 0.6252,3.0638,283,1805,67,5,40,0.5356,0.0391
G_mean: 0.0000: 0.3085,14.0799,289,100,88,9,14,0.3549,0.0481
G_mean: 0.6396: 0.7498,4.6623,117,1368,6,6,73,0.4744,0.0829
G_mean: 0.0000: 0.825,3.2747,157,48,26,3,52,0.5236,0.069
G_mean: 0.0000: 0.6475,19.7806,186,1365,52,6,76,0.3198,0.0292
G_mean: 0.6396: 0.752,9.8167,36,1133,36,7,41,0.9091,0.0029
G_mean: 0.2132: 0.4596,10.5961,206,2005,46,2,84,0.9001,0.0404
G_mean: 0.9122: 0.7562,7.7298,58,2250,43,8,8,0.7056,0.0203
G_mean: 0.0000: 0.5543,17.2715,245,2205,3,9,82,0.5489,0.0487
G_mean: 0.0000: 0.2219,2.8743,44,764,10,3,44,0.4766,0.0342
G_mean: 0.0000: 0.2762,5.4378,116,2347,40,5,14,0.7206,0.0759
G_mean: 0.5641: 0.6651,6.8889,87,1611,78,9,71,0.8386,0.0208
G_mean: 0.3693: 0.6385,14.6252,172,1391,77,9,20,0.9789,0.0119
G_mean: 0.0000: 0.3527,19.775,245,644,79,8,73,0.7527,0.0765
G_mean: 0.2957: 0.8735,3.2373,122,2323,61,7,72,0.1494,0.0563
G_mean: 0.8690: 0.6813,11.1055,74,2677,60,10,65,0.6723,0.0057
G_mean: 0.0000: 0.3077,7.3282,254,87,51,8,62,0.9309,0.011
G_mean: 0.0000: 0.8027,19.0199,159,2320,24,5,5,0.8879,0.0868
G_mean: 0.5522: 0.7875,14.4159,129,930,70,5,42,0.7032,0.072
G_mean: 0.0000: 0.957,13.0993,155,1922,80,5,57,0.9375,0.0197
G_mean: 0.7328: 0.503,1.3463,239,637,19,3,60,0.2484,0.043
G_mean: 0.0000: 0.0279,8.0871,94,2282,1,5,57,0.8481,0.0035
G_mean: 0.3679: 0.1853,8.5002,272,183,22,3,34,0.4676,0.0527
G_mean: 0.8757: 0.66,11.4162,69,2132,22,3,33,0.375,0.0893
G_mean: 0.8551: 0.8294,9.8642,40,1680,30,9,67,0.3133,0.0428
G_mean: 0.0000: 0.0172,11.0642,65,1832,33,4,71,0.188,0.069
G_mean: 0.0000: 0.0132,17.089,207,1314,14,9,53,0.7376,0.0588
G_mean: 0.4264: 0.9312,9.3628,18,1606,91,8,47,0.936,0.0243
G_mean: 0.0000: 0.1363,19.7209,204,98,96,8,24,0.4956,0.0292
G_mean: 0.2132: 0.5655,16.2762,196,1050,47,2,50,0.9814,0.011
G_mean: 0.0000: 0.6462,4.0992,207,2706,54,7,22,0.2857,0.0582
G_mean: 0.0000: 0.8978,8.1564,292,1094,2,2,26,0.6272,0.0606
G_mean: 0.0815: 0.4849,2.576,107,2142,65,8,98,0.7994,0.0162
G_mean: 0.0000: 0.9819,13.246,213,2600,78,6,69,0.9176,0.0554
G_mean: 0.0000: 0.6549,14.3247,275,1571,61,7,28,0.6353,0.0389
G_mean: 0.0000: 0.9447,15.4021,156,2258,40,8,56,0.8855,0.0594
G_mean: 0.0000: 0.9825,16.5793,193,1405,28,4,75,0.1012,0.0972
G_mean: 0.3015: 0.3166,15.4335,200,1378,63,4,12,0.8158,0.0741
G_mean: 0.0000: 0.631,17.2131,299,1870,80,7,74,0.5213,0.081
G_mean: 0.3832: 0.2834,11.0787,73,1389,86,6,11,0.8264,0.0047
G_mean: 0.0000: 0.5005,7.1438,220,427,87,9,29,0.7367,0.0074
G_mean: 0.0000: 0.4358,10.3005,298,1604,59,7,96,0.1522,0.0717
G_mean: 0.0000: 0.071,18.2978,222,2064,11,4,20,0.1843,0.0559
G_mean: 0.0000: 0.6558,9.3244,238,456,91,9,41,0.8771,0.0398
G_mean: 0.2320: 0.783,18.5271,77,2543,9,7,85,0.5393,0.0665
G_mean: 0.3015: 0.2312,17.9892,55,1170,60,6,23,0.8681,0.0073
G_mean: 0.0000: 0.7948,14.689,35,20,64,1,71,0.501,0.0802
G_mean: 0.7630: 0.4327,7.1584,19,741,84,5,39,0.9439,0.0279
G_mean: 0.8012: 0.1679,16.7234,27,2177,7,2,90,0.4908,0.0569
G_mean: 0.0000: 0.6252,13.831,283,1494,53,7,40,0.5356,0.0391
G_mean: 0.0000: 0.3085,14.0799,289,100,46,9,14,0.3549,0.0481
G_mean: 0.4767: 0.7498,4.6623,117,2000,6,6,73,0.8763,0.0829
G_mean: 0.0000: 0.825,12.9361,157,48,5,3,52,0.8136,0.069
G_mean: 0.0000: 0.6475,16.066,186,1365,52,6,37,0.3198,0.0292
G_mean: 0.9257: 0.752,9.8167,36,1648,36,7,41,0.5811,0.0029
G_mean: 0.0000: 0.4596,10.5961,206,2005,46,2,64,0.9001,0.0448
G_mean: 0.2148: 0.6093,13.739,58,2250,43,8,31,0.7056,0.0203
G_mean: 0.6611: 0.5229,17.2715,181,688,3,9,82,0.5489,0.0487
G_mean: 0.4425: 0.2219,2.8743,153,764,10,9,30,0.4766,0.0342
G_mean: 0.2132: 0.3347,5.4378,48,2347,63,5,41,0.9657,0.0759
G_mean: 0.3015: 0.6651,10.2949,84,1611,41,9,71,0.8386,0.0208
G_mean: 0.0000: 0.6385,17.2997,34,1010,48,4,20,0.9789,0.0961
G_mean: 0.0000: 0.6296,9.6408,245,644,79,4,73,0.7527,0.0848
G_mean: 0.0000: 0.8735,14.3114,225,731,61,7,72,0.1494,0.0563
G_mean: 0.8816: 0.6813,18.5562,74,2677,60,10,65,0.6723,0.043
G_mean: 0.0000: 0.3077,10.3482,254,87,51,8,62,0.9309,0.011
Step: 0, max G_mean: 0.9257391679047652, hyperparameter: [0.7519648984793825, 9.816675124522481, 36.16312143368654, 1648.4897752156796, 35.977768453531205, 6.507589745034079, 40.88181411860467, 0.5811312496414647, 0.0029153061794917213]
Round: 4, Step 1
G_mean: 0.0000: 0.7875,14.4159,129,930,70,5,42,0.7032,0.072
G_mean: 0.0000: 0.7744,1.8682,155,2111,80,8,57,0.2236,0.0197
G_mean: 0.7728: 0.503,1.3463,88,637,37,3,60,0.2484,0.043
G_mean: 0.0000: 0.1853,8.5002,108,2638,62,7,11,0.6065,0.0284
G_mean: 0.5751: 0.4332,11.4162,69,2299,22,3,33,0.375,0.0893
G_mean: 0.6030: 0.8294,9.8642,40,1680,30,9,67,0.6682,0.0428
G_mean: 0.4922: 0.7069,13.0142,65,685,33,8,71,0.6162,0.069
G_mean: 0.3015: 0.9312,9.3628,18,1606,46,8,47,0.936,0.0776
G_mean: 0.0000: 0.5655,9.9493,105,1050,47,2,22,0.9814,0.011
G_mean: 0.7986: 0.4849,18.1368,107,1037,36,8,98,0.6314,0.0236
G_mean: 0.3508: 0.0117,15.4021,114,2258,40,8,10,0.7491,0.0642
G_mean: 0.0000: 0.3166,10.4391,200,1804,63,4,89,0.6546,0.0511
G_mean: 0.2842: 0.2834,11.0787,73,1662,86,6,77,0.8264,0.0047
G_mean: 0.6574: 0.5005,6.8058,220,427,87,3,25,0.747,0.0074
G_mean: 0.9221: 0.783,18.5271,77,2543,9,7,85,0.5705,0.0467
G_mean: 0.8528: 0.2312,16.9102,55,1994,60,6,23,0.6352,0.0073
G_mean: 0.0000: 0.4327,19.6454,19,1039,65,6,39,0.9439,0.0279
G_mean: 0.6651: 0.1679,15.2451,27,882,7,5,43,0.4908,0.0569
G_mean: 0.8097: 0.7498,12.9503,117,1368,6,6,73,0.7473,0.0128
G_mean: 0.7385: 0.752,9.8167,36,1648,36,7,41,0.5811,0.0441
G_mean: 0.9580: 0.8234,8.7602,30,2005,46,2,84,0.1907,0.0453
G_mean: 0.8528: 0.5924,7.7298,58,2250,43,8,8,0.7056,0.048
G_mean: 0.0000: 0.5229,9.8463,181,688,3,9,82,0.5489,0.0309
G_mean: 0.0000: 0.3121,2.8743,153,764,10,9,70,0.4766,0.0342
G_mean: 0.0836: 0.3347,5.4378,48,2347,63,5,41,0.3211,0.0759
G_mean: 0.0000: 0.6651,8.8798,62,2566,78,9,71,0.9931,0.0911
G_mean: 0.6585: 0.6385,14.6252,54,752,43,3,20,0.3832,0.0119
G_mean: 0.0000: 0.718,4.6368,122,2323,61,7,69,0.1494,0.0804
G_mean: 0.0000: 0.3077,7.3282,254,410,30,8,25,0.8527,0.011
Step: 1, max G_mean: 0.9580355775398782, hyperparameter: [0.82335818717825, 8.76021023432659, 30.119855192765, 2005.3557954994944, 46.25751728017706, 1.531814909207832, 84.01942336945116, 0.1907489659374737, 0.045266731321225856]
Round: 4, Step 2
G_mean: 0.0000: 0.7875,14.4159,129,930,70,5,42,0.283,0.072
G_mean: 0.4264: 0.503,1.3463,88,1764,37,3,14,0.2484,0.043
G_mean: 0.7657: 0.66,11.4162,69,2132,22,3,33,0.569,0.0893
G_mean: 0.8257: 0.8294,9.8642,40,1680,30,9,67,0.3133,0.0428
G_mean: 0.0000: 0.0172,13.0142,65,2509,33,4,71,0.5577,0.069
G_mean: 0.3015: 0.6948,3.5762,97,1037,36,8,98,0.9472,0.0236
G_mean: 0.2091: 0.4438,11.0787,73,1662,86,6,48,0.2252,0.0167
G_mean: 0.4580: 0.5005,12.5812,220,1664,87,3,25,0.747,0.0074
G_mean: 0.6742: 0.783,9.2254,63,1902,9,7,85,0.5705,0.0467
G_mean: 0.9010: 0.5416,16.9102,54,1994,60,6,23,0.1613,0.0073
G_mean: 0.0000: 0.3182,19.6454,19,1711,59,1,39,0.3366,0.0279
G_mean: 0.8790: 0.1679,6.4241,27,2125,7,7,90,0.099,0.0569
G_mean: 0.4080: 0.7498,13.1776,117,1667,6,6,73,0.7473,0.0128
G_mean: 0.0000: 0.752,9.3671,36,1648,36,7,41,0.9766,0.0029
G_mean: 0.8225: 0.8234,8.7602,30,2005,41,7,84,0.1907,0.0219
G_mean: 0.8790: 0.7562,7.7298,58,2250,43,8,8,0.7056,0.0203
G_mean: 0.0000: 0.5229,17.2715,181,688,3,9,82,0.5489,0.0487
G_mean: 0.6690: 0.4552,6.8889,69,1611,82,9,71,0.8386,0.0199
G_mean: 0.5141: 0.6385,12.8492,54,752,43,3,20,0.3832,0.0169
G_mean: 0.7687: 0.58,8.353,42,2410,77,6,35,0.6723,0.043
Step: 2, max G_mean: 0.9580355775398782, hyperparameter: [0.82335818717825, 8.76021023432659, 30.119855192765, 2005.3557954994944, 46.25751728017706, 1.531814909207832, 84.01942336945116, 0.1907489659374737, 0.045266731321225856]
Round: 4, Step 3
G_mean: 0.0000: 0.66,11.4162,69,2132,22,8,14,0.375,0.0893
G_mean: 0.8329: 0.8294,9.8642,40,1680,19,9,68,0.3133,0.0428
G_mean: 0.7385: 0.783,18.5271,24,2543,43,7,85,0.4534,0.0467
G_mean: 0.8975: 0.5416,16.9102,54,1994,60,6,73,0.1613,0.0073
G_mean: 0.4264: 0.1679,6.4241,44,2125,41,2,90,0.099,0.0569
G_mean: 0.0000: 0.7498,12.9503,117,1368,6,6,14,0.7473,0.0128
G_mean: 0.6716: 0.752,9.8167,36,1648,36,7,41,0.5811,0.0029
G_mean: 0.9010: 0.8234,8.7602,64,2005,46,2,78,0.1907,0.0455
G_mean: 0.4381: 0.9454,19.7116,58,2250,43,8,45,0.7056,0.0194
G_mean: 0.0000: 0.6813,18.5562,74,2677,60,9,6,0.7859,0.043
Step: 3, max G_mean: 0.9580355775398782, hyperparameter: [0.82335818717825, 8.76021023432659, 30.119855192765, 2005.3557954994944, 46.25751728017706, 1.531814909207832, 84.01942336945116, 0.1907489659374737, 0.045266731321225856]
computational time: 2.291246086666667 h
