Round: 0, Step 0
G_mean: 0.8777: 0.2615,4.5752,123,441,34,3,22,0.0868,0.0782
G_mean: 0.9224: 0.2178,9.4612,280,332,30,1,56,0.4438,0.0251
G_mean: 0.6311: 0.2733,2.3815,17,51,57,4,20,0.3246,0.0101
G_mean: 0.7798: 0.0964,7.3637,266,250,14,4,65,0.7607,0.0219
G_mean: 0.7222: 0.6743,1.7962,31,117,69,2,53,0.0219,0.0189
G_mean: 0.8140: 0.9997,4.1596,156,393,30,8,21,0.8735,0.0657
G_mean: 0.8765: 0.3975,1.8247,112,410,50,4,50,0.6217,0.0114
G_mean: 0.9193: 0.124,15.8999,182,398,59,4,70,0.4557,0.0911
G_mean: 0.0000: 0.2494,2.7181,287,469,99,4,21,0.8692,0.0648
G_mean: 0.8740: 0.4554,16.9759,237,315,23,2,94,0.7002,0.0608
G_mean: 0.6528: 0.2306,18.0347,36,81,17,8,26,0.7499,0.0618
G_mean: 0.8239: 0.4032,9.6813,103,182,44,1,77,0.0627,0.0774
G_mean: 0.5166: 0.4842,17.4035,219,49,72,6,66,0.035,0.0307
G_mean: 0.9168: 0.4743,6.9589,31,370,73,7,61,0.4136,0.0469
G_mean: 0.8899: 0.854,19.1882,139,418,74,10,39,0.3612,0.0067
G_mean: 0.5150: 0.0153,5.723,277,229,88,8,54,0.1455,0.0914
G_mean: 0.4483: 0.751,10.9532,203,236,72,5,58,0.3187,0.0985
G_mean: 0.7375: 0.6755,19.8047,110,291,39,3,79,0.8463,0.0542
G_mean: 0.8560: 0.245,15.6909,82,384,23,1,39,0.8526,0.0485
G_mean: 0.2115: 0.8535,8.7374,262,160,46,3,25,0.9746,0.0867
G_mean: 0.8588: 0.6251,13.8111,274,402,39,4,91,0.801,0.0982
G_mean: 0.7859: 0.1859,6.3766,12,277,49,2,47,0.2271,0.064
G_mean: 0.8832: 0.9662,4.9351,77,403,94,9,57,0.5026,0.0342
G_mean: 0.9219: 0.8515,2.6747,127,371,72,7,73,0.5578,0.0371
G_mean: 0.7285: 0.9631,11.8149,202,375,96,10,42,0.8984,0.0383
G_mean: 0.3998: 0.4493,7.0651,233,337,63,10,84,0.3568,0.0922
G_mean: 0.7219: 0.5739,9.8461,173,202,17,8,94,0.0174,0.0963
G_mean: 0.2086: 0.5127,12.5988,202,471,42,6,89,0.2726,0.0801
G_mean: 0.0000: 0.9201,4.5035,25,109,41,3,26,0.9502,0.0699
G_mean: 0.4654: 0.4239,16.8897,49,487,94,7,73,0.9072,0.0819
G_mean: 0.8795: 0.8733,6.0626,88,304,63,6,28,0.1985,0.0535
G_mean: 0.0000: 0.8784,19.913,288,451,78,1,45,0.9687,0.0578
G_mean: 0.8186: 0.1201,16.8675,182,489,62,6,71,0.364,0.0485
G_mean: 0.8765: 0.125,16.2176,273,352,35,7,45,0.671,0.0275
G_mean: 0.9101: 0.9322,14.2701,215,317,53,1,28,0.2063,0.0587
G_mean: 0.3859: 0.1021,17.1444,74,50,47,6,66,0.3186,0.0825
G_mean: 0.0000: 0.9849,18.4191,156,247,23,10,32,0.9463,0.079
G_mean: 0.7068: 0.0725,3.7437,220,170,26,5,4,0.6552,0.011
G_mean: 0.7758: 0.2011,16.3031,251,109,93,3,43,0.0263,0.071
G_mean: 0.8198: 0.6747,18.1912,33,451,84,7,2,0.181,0.0886
G_mean: 0.0000: 0.6839,1.7295,71,22,29,2,70,0.2501,0.0271
G_mean: 0.0000: 0.7183,3.774,98,116,69,6,4,0.3411,0.0316
G_mean: 0.7445: 0.3072,18.9662,255,208,36,7,66,0.211,0.0325
G_mean: 0.8527: 0.037,8.3038,230,226,40,2,60,0.5121,0.061
G_mean: 0.7766: 0.4258,7.9527,116,344,86,3,17,0.0166,0.0212
G_mean: 0.8262: 0.5514,18.4283,92,291,5,10,69,0.2636,0.0811
G_mean: 0.7573: 0.9064,9.1809,283,133,80,7,87,0.27,0.0379
G_mean: 0.6812: 0.9867,1.5104,17,291,32,9,58,0.8163,0.0307
G_mean: 0.8097: 0.1652,6.4359,101,235,60,7,96,0.22,0.077
G_mean: 0.3158: 0.7187,14.8291,46,276,24,9,85,0.943,0.0578
G_mean: 0.8104: 0.2615,4.5752,123,441,45,3,15,0.0868,0.0782
G_mean: 0.8168: 0.2178,9.4612,280,197,30,2,65,0.7882,0.0688
G_mean: 0.5746: 0.2733,11.959,17,51,57,4,20,0.3246,0.0101
G_mean: 0.8468: 0.0964,7.3637,266,382,71,4,65,0.4733,0.0219
G_mean: 0.1289: 0.6743,1.7962,218,117,41,2,53,0.0219,0.0189
G_mean: 0.8006: 0.9997,4.1596,156,393,30,8,21,0.8735,0.0288
G_mean: 0.8504: 0.3975,1.8247,112,410,50,4,50,0.6096,0.0114
G_mean: 0.8285: 0.124,14.0752,182,398,59,4,88,0.7642,0.0911
G_mean: 0.0000: 0.2494,2.7181,287,469,99,4,21,0.2562,0.0648
G_mean: 0.8516: 0.4554,8.9577,174,315,23,3,94,0.7002,0.0512
G_mean: 0.5824: 0.3516,18.0347,36,81,17,8,26,0.7499,0.0618
G_mean: 0.8600: 0.4032,9.6813,42,384,36,1,77,0.7845,0.0774
G_mean: 0.5635: 0.7082,17.4035,219,49,72,6,66,0.035,0.0307
G_mean: 0.8789: 0.4743,6.9589,31,370,73,10,61,0.4136,0.0469
G_mean: 0.7755: 0.854,19.1882,139,307,74,10,39,0.3612,0.0306
G_mean: 0.7627: 0.3178,5.723,89,229,88,8,54,0.1455,0.0201
G_mean: 0.0526: 0.751,10.9532,203,236,72,3,58,0.3187,0.0985
G_mean: 0.8209: 0.6755,19.8047,110,374,39,3,68,0.1626,0.0542
G_mean: 0.8753: 0.245,15.6909,82,384,23,1,39,0.332,0.0663
G_mean: 0.0000: 0.8535,8.7374,210,160,46,3,25,0.9746,0.0938
G_mean: 0.7792: 0.6251,13.8111,274,165,39,4,91,0.4192,0.0982
G_mean: 0.5226: 0.1859,6.3766,12,83,49,2,47,0.2271,0.064
G_mean: 0.7219: 0.6736,5.4195,77,132,94,9,57,0.5026,0.0342
G_mean: 0.9307: 0.8515,2.6747,127,371,72,7,73,0.5578,0.0371
G_mean: 0.8988: 0.9631,11.8149,31,375,55,10,89,0.1321,0.0652
G_mean: 0.4619: 0.4493,4.8468,233,103,63,10,4,0.3568,0.0922
G_mean: 0.7724: 0.5739,9.8461,173,202,17,8,94,0.4379,0.0485
G_mean: 0.0000: 0.5127,12.5988,11,471,42,6,77,0.9113,0.0801
G_mean: 0.5817: 0.9201,13.6186,209,109,41,3,26,0.9502,0.0699
G_mean: 0.7735: 0.5008,16.8897,49,487,63,7,73,0.9072,0.0819
G_mean: 0.8728: 0.7292,6.0626,88,304,66,6,28,0.1547,0.0535
G_mean: 0.0000: 0.8784,12.5171,288,482,35,9,45,0.9687,0.0152
G_mean: 0.8432: 0.1201,14.7022,182,437,91,6,71,0.3988,0.0817
G_mean: 0.9104: 0.125,9.4231,89,352,35,7,45,0.671,0.0059
G_mean: 0.8498: 0.9322,14.2701,54,317,77,1,28,0.2063,0.0603
G_mean: 0.9027: 0.1021,17.1444,74,378,47,1,66,0.3186,0.0825
G_mean: 0.1291: 0.9849,11.7294,195,158,74,6,32,0.9463,0.0284
G_mean: 0.6885: 0.2263,3.7437,61,170,26,5,4,0.6552,0.011
G_mean: 0.7665: 0.8488,16.3031,251,109,32,3,43,0.0263,0.0449
G_mean: 0.8987: 0.4606,18.1912,33,451,48,3,8,0.181,0.0886
G_mean: 0.0000: 0.6839,1.7295,71,22,29,2,70,0.2501,0.0271
G_mean: 0.0000: 0.7183,3.774,98,80,69,9,4,0.3411,0.0316
G_mean: 0.5883: 0.3072,18.9662,83,208,62,7,25,0.6455,0.0325
G_mean: 0.8937: 0.037,17.4393,230,458,31,4,60,0.4968,0.0401
G_mean: 0.8832: 0.4258,3.3422,16,327,86,3,17,0.0166,0.0657
G_mean: 0.0000: 0.5514,18.4283,144,29,5,5,69,0.3974,0.0105
G_mean: 0.4531: 0.9064,9.1809,174,91,80,7,47,0.27,0.0458
G_mean: 0.8457: 0.9867,11.529,92,381,93,9,56,0.8163,0.0307
G_mean: 0.9193: 0.1652,6.4359,101,407,60,7,96,0.22,0.077
G_mean: 0.9015: 0.6477,14.8291,46,335,24,9,85,0.5876,0.0578
Step: 0, max G_mean: 0.9307267601319856, hyperparameter: [0.8515054980434675, 2.6746544653640125, 126.71507168121857, 371.0611221193967, 72.09206723655737, 6.620454497015862, 73.35927940557904, 0.5577858139646077, 0.03709315602214622]
Round: 0, Step 1
G_mean: 0.8987: 0.2615,4.5752,140,441,67,4,48,0.0868,0.0782
G_mean: 0.8504: 0.1875,17.5079,280,332,51,1,56,0.0945,0.0251
G_mean: 0.0000: 0.0964,7.3637,266,382,71,6,65,0.4733,0.0539
G_mean: 0.7787: 0.9997,4.1596,221,393,30,8,21,0.8735,0.0161
G_mean: 0.9078: 0.3975,1.8247,112,410,50,4,56,0.6217,0.0114
G_mean: 0.8782: 0.124,10.7391,182,312,59,2,70,0.6902,0.0549
G_mean: 0.7381: 0.4554,16.9759,237,278,23,4,94,0.7002,0.0608
G_mean: 0.8430: 0.4032,5.896,34,448,36,1,77,0.7845,0.0774
G_mean: 0.9130: 0.4743,17.9251,110,358,73,7,61,0.4136,0.0469
G_mean: 0.9088: 0.3773,19.1882,137,418,36,3,39,0.3612,0.0468
G_mean: 0.8938: 0.6362,19.8047,151,374,3,4,68,0.5937,0.0542
G_mean: 0.8857: 0.4463,15.6909,82,464,23,1,39,0.332,0.0663
G_mean: 0.0000: 0.8266,13.8111,274,402,39,4,40,0.5876,0.0982
G_mean: 0.8576: 0.1859,6.3766,12,493,49,7,47,0.2271,0.0864
G_mean: 0.9078: 0.9662,4.9351,77,403,50,9,57,0.5026,0.0342
G_mean: 0.7178: 0.3637,19.7215,70,371,65,7,51,0.9234,0.0371
G_mean: 0.8926: 0.4231,11.8149,110,375,88,7,89,0.1321,0.0652
G_mean: 0.8128: 0.2961,6.0626,88,304,63,6,48,0.1985,0.0535
G_mean: 0.8845: 0.1374,19.1493,182,437,91,6,71,0.3988,0.0817
G_mean: 0.7826: 0.9303,9.4231,281,352,54,7,45,0.2559,0.0059
G_mean: 0.8668: 0.7349,14.2701,215,317,53,1,49,0.2063,0.0587
G_mean: 0.8789: 0.1021,17.1444,237,447,47,9,74,0.3186,0.0923
G_mean: 0.7772: 0.2011,15.3722,251,109,7,3,43,0.5085,0.071
G_mean: 0.8789: 0.4606,18.1912,33,451,100,3,54,0.181,0.0886
G_mean: 0.8899: 0.037,15.0784,230,435,31,4,60,0.4968,0.0401
G_mean: 0.9189: 0.4258,3.3422,174,421,44,3,17,0.0166,0.0657
G_mean: 0.8348: 0.5514,13.3273,92,167,5,2,18,0.2636,0.0176
G_mean: 0.8383: 0.9867,11.529,135,358,16,9,67,0.8163,0.0466
G_mean: 0.8683: 0.1652,6.4359,101,407,72,7,42,0.22,0.0737
G_mean: 0.8299: 0.8129,14.8291,46,335,24,9,85,0.2132,0.0578
Step: 1, max G_mean: 0.9307267601319856, hyperparameter: [0.8515054980434675, 2.6746544653640125, 126.71507168121857, 371.0611221193967, 72.09206723655737, 6.620454497015862, 73.35927940557904, 0.5577858139646077, 0.03709315602214622]
Round: 0, Step 2
G_mean: 0.8504: 0.2615,3.9317,140,441,67,5,48,0.0878,0.0782
G_mean: 0.8040: 0.1391,9.4612,280,332,30,6,56,0.4438,0.0251
G_mean: 0.9015: 0.3975,1.8247,112,410,50,7,66,0.6217,0.0114
G_mean: 0.8924: 0.124,15.8999,182,398,38,4,43,0.4557,0.063
G_mean: 0.9065: 0.6312,6.9589,31,370,23,5,61,0.4136,0.0469
G_mean: 0.8962: 0.3773,2.812,137,418,36,3,97,0.3612,0.0468
G_mean: 0.0000: 0.3551,19.8047,84,355,3,4,10,0.5937,0.0025
G_mean: 0.8564: 0.4463,15.6909,82,274,23,3,39,0.332,0.0663
G_mean: 0.8006: 0.9662,12.7534,77,346,50,9,76,0.5026,0.0342
G_mean: 0.8612: 0.8515,2.6747,127,371,25,7,73,0.5578,0.0371
G_mean: 0.9091: 0.9631,11.8149,87,375,55,4,10,0.1321,0.0652
G_mean: 0.8949: 0.1374,9.9963,182,437,28,6,71,0.3988,0.0817
G_mean: 0.9040: 0.125,12.4867,89,352,35,7,4,0.671,0.0059
G_mean: 0.5158: 0.9322,14.2701,215,317,41,2,70,0.2063,0.0587
G_mean: 0.8720: 0.1021,17.1444,134,378,47,1,66,0.305,0.0825
G_mean: 0.8395: 0.3926,18.1912,33,451,48,3,8,0.1655,0.0886
G_mean: 0.9013: 0.2076,17.4393,183,458,31,4,84,0.5999,0.0401
G_mean: 0.9128: 0.4258,3.3422,174,491,44,3,17,0.0166,0.0576
G_mean: 0.8949: 0.1652,6.4359,101,407,60,4,96,0.2873,0.0424
G_mean: 0.8442: 0.0667,14.8291,46,487,83,9,85,0.7848,0.0578
Step: 2, max G_mean: 0.9307267601319856, hyperparameter: [0.8515054980434675, 2.6746544653640125, 126.71507168121857, 371.0611221193967, 72.09206723655737, 6.620454497015862, 73.35927940557904, 0.5577858139646077, 0.03709315602214622]
computational time: 1.6859103369444446 h
