Round: 7, Step 0
G_mean: 0.3693: 0.0187,8.9746,72,1265,80,2,49,0.6892,0.0185
G_mean: 0.7324: 0.7272,11.3015,12,844,64,6,90,0.7779,0.0064
G_mean: 0.1484: 0.3696,4.9603,122,527,84,7,3,0.0647,0.0309
G_mean: 0.7977: 0.4293,11.7634,41,2290,7,7,15,0.68,0.0466
G_mean: 0.7687: 0.3266,15.8155,16,1981,6,3,83,0.147,0.0406
G_mean: 0.5202: 0.5713,6.893,19,437,38,10,58,0.4417,0.0573
G_mean: 0.4264: 0.4033,15.5556,83,2568,82,2,51,0.417,0.0158
G_mean: 0.6045: 0.4567,5.7726,58,414,66,8,36,0.352,0.0309
G_mean: 0.5262: 0.6357,6.2656,200,1050,20,3,66,0.5171,0.0278
G_mean: 0.4198: 0.39,18.5967,190,1490,47,9,46,0.7357,0.0914
G_mean: 0.0000: 0.7565,9.28,32,385,5,9,38,0.7702,0.0524
G_mean: 0.6878: 0.5536,7.9449,12,458,84,9,79,0.3869,0.0908
G_mean: 0.0000: 0.454,18.3426,53,1856,2,5,14,0.1138,0.0945
G_mean: 0.0000: 0.7575,17.0769,37,269,13,2,55,0.8513,0.0208
G_mean: 0.3679: 0.8912,12.2271,73,458,23,8,47,0.7954,0.0073
G_mean: 0.0000: 0.4269,18.8615,234,1270,66,8,15,0.6734,0.0756
G_mean: 0.0000: 0.1285,17.3141,161,2390,54,7,10,0.2029,0.0817
G_mean: 0.0000: 0.2469,18.074,152,2006,52,7,58,0.6763,0.0888
G_mean: 0.6742: 0.6132,7.2947,114,1819,7,10,43,0.3954,0.023
G_mean: 0.2124: 0.5099,1.4393,259,2321,14,2,89,0.4092,0.0337
G_mean: 0.8975: 0.0587,2.151,18,1826,38,5,11,0.1937,0.0155
G_mean: 0.0000: 0.4861,10.3074,123,385,14,3,23,0.8636,0.0549
G_mean: 0.0000: 0.968,9.6832,218,1498,3,5,98,0.1519,0.0719
G_mean: 0.6030: 0.1208,1.0017,67,1282,27,7,73,0.8863,0.0742
G_mean: 0.0000: 0.9238,19.4547,227,2468,75,1,14,0.8713,0.004
G_mean: 0.0000: 0.6573,9.8329,133,1647,70,1,19,0.3843,0.0454
G_mean: 0.0000: 0.4768,10.9632,253,166,95,7,69,0.8179,0.0539
G_mean: 0.0000: 0.9323,4.4838,263,1715,27,2,57,0.4968,0.0797
G_mean: 0.8790: 0.483,7.1412,123,2671,23,9,94,0.2641,0.019
G_mean: 0.7044: 0.1361,17.8611,117,1286,22,9,66,0.8926,0.0851
G_mean: 0.0000: 0.0138,4.6577,250,2000,97,1,15,0.4119,0.0214
G_mean: 0.0000: 0.3502,16.4287,269,740,14,9,62,0.8053,0.0223
G_mean: 0.0000: 0.1935,16.022,271,2315,58,4,46,0.4881,0.0348
G_mean: 0.6415: 0.1805,18.1554,33,863,59,3,3,0.3044,0.0593
G_mean: 0.0000: 0.1097,16.6779,175,1623,55,5,23,0.6561,0.0656
G_mean: 0.0000: 0.1845,5.9389,299,2521,35,5,27,0.7554,0.0582
G_mean: 0.0000: 0.673,2.992,217,1163,64,6,62,0.8747,0.017
G_mean: 0.2132: 0.9926,10.1849,100,1799,41,7,22,0.933,0.0373
G_mean: 0.0000: 0.9225,16.9951,117,978,57,9,14,0.3563,0.0026
G_mean: 0.4767: 0.1291,6.2329,230,2478,40,5,6,0.1058,0.0533
G_mean: 0.8940: 0.4372,5.6387,51,2143,81,8,98,0.6707,0.0104
G_mean: 0.0000: 0.2748,5.5123,242,2161,80,6,22,0.2303,0.0587
G_mean: 0.9387: 0.9474,10.9511,17,1963,51,9,17,0.2903,0.0256
G_mean: 0.7355: 0.4075,5.4301,51,2546,73,2,3,0.4168,0.0696
G_mean: 0.0000: 0.213,19.7405,151,129,51,3,12,0.6921,0.0347
G_mean: 0.0000: 0.3699,9.398,224,323,3,9,79,0.8898,0.0284
G_mean: 0.0000: 0.4961,9.1692,257,2315,47,3,71,0.8302,0.0849
G_mean: 0.8585: 0.0403,19.2688,41,2610,86,9,73,0.566,0.0799
G_mean: 0.0000: 0.3396,10.406,96,1687,42,6,43,0.834,0.0933
G_mean: 0.7854: 0.5723,14.3134,72,1265,80,3,49,0.5189,0.0185
G_mean: 0.6822: 0.7272,11.3015,12,704,30,9,90,0.7951,0.0064
G_mean: 0.0000: 0.3696,19.8445,122,527,84,7,48,0.4012,0.0706
G_mean: 0.0000: 0.4293,11.7634,173,2290,7,7,15,0.68,0.0466
G_mean: 0.9199: 0.3266,15.8155,16,1981,19,10,83,0.147,0.0406
G_mean: 0.8193: 0.3462,6.893,19,2210,38,10,58,0.4417,0.0062
G_mean: 0.8771: 0.4033,15.5556,83,2568,8,2,25,0.417,0.0227
G_mean: 0.0000: 0.0745,5.7726,74,414,96,8,30,0.352,0.0309
G_mean: 0.6742: 0.6357,6.2656,118,1219,20,7,66,0.5171,0.0278
G_mean: 0.0000: 0.39,18.5967,190,1490,47,9,46,0.7357,0.0914
G_mean: 0.0000: 0.7565,9.28,32,385,7,9,38,0.7702,0.0524
G_mean: 0.5222: 0.5536,7.9449,12,458,84,3,79,0.3869,0.0699
G_mean: 0.0000: 0.454,8.025,53,1856,2,8,62,0.568,0.0945
G_mean: 0.0000: 0.7575,17.0769,37,269,38,2,55,0.8513,0.0208
G_mean: 0.2116: 0.6419,12.2271,73,458,72,8,53,0.7954,0.034
G_mean: 0.3015: 0.4269,18.8615,234,1270,51,8,15,0.9508,0.0756
G_mean: 0.0000: 0.8672,17.3141,136,2390,54,6,10,0.2029,0.0817
G_mean: 0.5141: 0.2469,18.074,152,313,52,7,58,0.6763,0.0891
G_mean: 0.7271: 0.0735,7.4943,174,1572,7,10,43,0.9177,0.023
G_mean: 0.2116: 0.5099,1.4393,259,1532,14,2,53,0.9001,0.0337
G_mean: 0.7657: 0.7219,17.8086,18,1460,38,5,11,0.1937,0.0155
G_mean: 0.0000: 0.4099,9.707,102,385,14,3,19,0.8636,0.0844
G_mean: 0.0000: 0.968,9.6832,218,1223,3,5,82,0.7409,0.0719
G_mean: 0.0000: 0.1208,1.0017,67,1282,27,7,2,0.8863,0.0073
G_mean: 0.0000: 0.9238,3.2482,227,2468,75,1,14,0.3087,0.004
G_mean: 0.0000: 0.6573,9.8329,133,1647,7,1,18,0.8139,0.0454
G_mean: 0.0000: 0.4768,10.9632,231,1422,55,7,86,0.8179,0.0539
G_mean: 0.0000: 0.302,13.1835,263,1715,27,2,57,0.43,0.0797
G_mean: 0.0000: 0.483,7.1412,123,2671,23,7,94,0.2641,0.019
G_mean: 0.0000: 0.2779,17.8611,82,1286,87,9,66,0.9796,0.0851
G_mean: 0.0000: 0.0138,4.6577,250,2000,97,1,40,0.4119,0.0214
G_mean: 0.7442: 0.0113,16.4287,269,740,14,9,62,0.8053,0.0223
G_mean: 0.0000: 0.1935,16.022,271,2315,58,3,46,0.4881,0.0015
G_mean: 0.0000: 0.1805,18.1554,33,1948,59,3,3,0.692,0.0593
G_mean: 0.0000: 0.1097,16.6779,175,1623,55,5,23,0.6561,0.0656
G_mean: 0.0000: 0.1845,5.7487,299,2521,1,5,27,0.9577,0.0582
G_mean: 0.0000: 0.673,2.992,217,1163,64,7,62,0.8747,0.0333
G_mean: 0.5721: 0.9926,10.1849,199,1799,88,7,61,0.933,0.0707
G_mean: 0.0000: 0.9225,16.7228,117,978,20,9,14,0.9527,0.0226
G_mean: 0.0000: 0.1291,16.9783,230,1439,73,5,6,0.3479,0.0533
G_mean: 0.0000: 0.4372,5.6387,85,1235,81,8,98,0.6707,0.0437
G_mean: 0.0000: 0.1354,16.8081,239,2161,9,6,45,0.2303,0.0587
G_mean: 0.7977: 0.9474,10.9511,17,1780,51,9,17,0.2903,0.0648
G_mean: 0.2048: 0.1932,4.1853,51,2546,73,9,29,0.4168,0.0696
G_mean: 0.0000: 0.9763,19.7405,151,129,51,3,12,0.6921,0.0347
G_mean: 0.0000: 0.3699,9.6728,224,323,3,9,25,0.8898,0.0187
G_mean: 0.0000: 0.4961,9.1692,257,2315,33,3,71,0.8302,0.0849
G_mean: 0.0000: 0.1628,19.2688,158,955,23,3,73,0.7176,0.0799
G_mean: 0.0000: 0.0859,10.142,96,1687,42,8,43,0.834,0.0747
Step: 0, max G_mean: 0.9386793281621157, hyperparameter: [0.947431161076319, 10.951066810121768, 17.379554875832135, 1963.129425479833, 50.55041687142902, 8.87857982514229, 16.70924920414577, 0.2902545267031319, 0.02562409208449073]
Round: 7, Step 1
G_mean: 0.7118: 0.5723,14.3134,72,1265,80,3,49,0.5189,0.0185
G_mean: 0.5913: 0.9457,11.3015,162,844,64,6,90,0.4095,0.0064
G_mean: 0.2860: 0.4907,4.9603,122,527,84,7,37,0.0647,0.0309
G_mean: 0.3693: 0.4293,15.4176,41,1469,47,7,15,0.68,0.0194
G_mean: 0.4264: 0.3266,15.8155,16,1707,19,4,13,0.147,0.0406
G_mean: 0.9185: 0.479,8.0944,83,2210,38,10,58,0.4417,0.0536
G_mean: 0.7526: 0.472,15.5556,83,1281,8,5,25,0.417,0.0529
G_mean: 0.6313: 0.5766,10.5133,58,414,66,8,36,0.352,0.0052
G_mean: 0.0000: 0.6357,6.2656,118,1219,20,7,66,0.5171,0.0942
G_mean: 0.0000: 0.39,18.5967,190,1490,47,9,46,0.7357,0.0914
G_mean: 0.0000: 0.4732,16.0767,12,458,84,6,79,0.3869,0.0908
G_mean: 0.6794: 0.5542,12.2271,73,458,23,4,47,0.3095,0.0073
G_mean: 0.0000: 0.4269,18.8615,234,910,51,6,15,0.2838,0.0012
G_mean: 0.0000: 0.2469,18.074,152,1848,52,7,58,0.6763,0.0891
G_mean: 0.0000: 0.1812,8.6506,174,1572,7,10,43,0.9177,0.023
G_mean: 0.8723: 0.5099,12.7551,152,1564,27,2,89,0.4092,0.0337
G_mean: 0.6371: 0.5614,3.206,73,1826,38,5,11,0.1728,0.0155
G_mean: 0.0000: 0.1208,15.7833,67,2437,27,7,73,0.8863,0.0742
G_mean: 0.0000: 0.483,2.696,265,2671,23,9,94,0.2641,0.0216
G_mean: 0.7044: 0.1361,17.8611,117,1286,22,9,66,0.8926,0.0851
G_mean: 0.0000: 0.4656,16.4287,269,2380,56,4,62,0.8053,0.0223
G_mean: 0.0000: 0.589,7.8533,33,863,56,7,27,0.7024,0.0593
G_mean: 0.2132: 0.613,10.1849,172,1775,88,7,61,0.933,0.0274
G_mean: 0.0000: 0.1291,3.4131,162,2503,19,5,34,0.1058,0.0533
G_mean: 0.4464: 0.4372,5.6387,51,2143,81,1,47,0.6531,0.048
G_mean: 0.8257: 0.5939,10.9511,17,1963,21,4,17,0.2903,0.0256
G_mean: 0.0000: 0.7859,13.4211,131,461,78,10,34,0.3547,0.0469
G_mean: 0.7016: 0.0403,7.8885,41,1057,86,9,73,0.509,0.0799
G_mean: 0.5960: 0.3396,10.406,59,1687,42,6,43,0.834,0.0569
Step: 1, max G_mean: 0.9386793281621157, hyperparameter: [0.947431161076319, 10.951066810121768, 17.379554875832135, 1963.129425479833, 50.55041687142902, 8.87857982514229, 16.70924920414577, 0.2902545267031319, 0.02562409208449073]
Round: 7, Step 2
G_mean: 0.0877: 0.5723,14.3134,72,1265,80,3,49,0.5189,0.0185
G_mean: 0.7328: 0.7272,11.3015,12,1656,64,6,90,0.5276,0.0064
G_mean: 0.0000: 0.1086,10.4109,178,2290,7,7,15,0.7191,0.0466
G_mean: 0.9010: 0.3233,15.8155,16,1981,19,10,98,0.3942,0.0304
G_mean: 0.0000: 0.479,11.2515,83,24,38,10,58,0.4417,0.0536
G_mean: 0.6801: 0.4033,16.3884,61,2414,8,2,25,0.417,0.0227
G_mean: 0.0000: 0.5385,6.2656,175,1219,20,7,66,0.7122,0.0278
G_mean: 0.8225: 0.3013,7.9449,12,2302,34,9,79,0.1602,0.0908
G_mean: 0.7271: 0.5542,6.7463,73,821,23,8,47,0.5896,0.0073
G_mean: 0.0000: 0.0735,15.8353,174,1631,7,3,43,0.9177,0.023
G_mean: 0.7526: 0.5099,12.5768,152,1564,27,2,89,0.4555,0.0337
G_mean: 0.7687: 0.0587,2.151,18,1826,69,1,11,0.1937,0.0687
G_mean: 0.8790: 0.483,7.1412,123,2671,23,9,94,0.2641,0.019
G_mean: 0.7071: 0.1361,17.8611,117,1286,22,9,66,0.8926,0.0851
G_mean: 0.2132: 0.3515,16.4287,215,740,20,9,62,0.8053,0.0419
G_mean: 0.3679: 0.1805,4.9539,33,863,59,3,3,0.3044,0.0377
G_mean: 0.2014: 0.2035,5.5491,170,1106,10,7,51,0.6707,0.0104
G_mean: 0.8620: 0.6365,10.9511,17,1963,51,9,17,0.2903,0.0256
G_mean: 0.0000: 0.4075,5.4301,51,2546,8,2,70,0.4168,0.0696
G_mean: 0.7977: 0.7156,19.2688,88,2610,19,9,73,0.566,0.0799
Step: 2, max G_mean: 0.9386793281621157, hyperparameter: [0.947431161076319, 10.951066810121768, 17.379554875832135, 1963.129425479833, 50.55041687142902, 8.87857982514229, 16.70924920414577, 0.2902545267031319, 0.02562409208449073]
computational time: 1.8530935525 h
