Round: 9, Step 0
G_mean: 0.6914: 0.058,1.5005,252,232,28,3,85,0.4534,0.061
G_mean: 0.7928: 0.8545,18.3256,152,381,69,1,20,0.8944,0.0513
G_mean: 0.0000: 0.5367,9.5382,215,455,73,4,67,0.4251,0.0928
G_mean: 0.8028: 0.0491,10.3848,298,303,5,8,83,0.7386,0.0564
G_mean: 0.4318: 0.6672,13.6541,111,133,17,3,85,0.9924,0.0551
G_mean: 0.9206: 0.2029,1.5585,68,407,42,7,66,0.5229,0.0185
G_mean: 0.9053: 0.9091,13.4199,268,383,4,6,10,0.3988,0.0319
G_mean: 0.0000: 0.7891,1.3833,26,408,52,6,11,0.974,0.0324
G_mean: 0.5439: 0.9371,9.9141,253,106,30,1,11,0.7391,0.0671
G_mean: 0.0000: 0.6333,3.4248,175,254,47,6,24,0.8561,0.0983
G_mean: 0.8634: 0.4345,13.7917,178,280,46,7,82,0.8923,0.0793
G_mean: 0.6183: 0.6032,18.6418,289,328,57,5,75,0.7925,0.0109
G_mean: 0.8820: 0.426,1.692,40,413,54,7,7,0.3531,0.0859
G_mean: 0.0000: 0.2104,3.5137,282,80,83,9,21,0.7145,0.0833
G_mean: 0.4071: 0.6143,17.3998,200,205,18,10,50,0.8655,0.0138
G_mean: 0.8707: 0.6738,1.7215,18,498,27,9,29,0.4414,0.0982
G_mean: 0.8516: 0.33,4.8615,33,226,44,2,72,0.2471,0.0291
G_mean: 0.0000: 0.3649,14.012,97,341,95,2,2,0.9225,0.0832
G_mean: 0.8962: 0.4634,6.2548,203,430,20,2,73,0.6572,0.0493
G_mean: 0.9091: 0.0235,6.1926,136,439,48,6,40,0.1399,0.0843
G_mean: 0.0000: 0.1805,2.322,140,24,24,3,71,0.88,0.0853
G_mean: 0.8963: 0.2743,2.6398,88,307,71,2,57,0.6188,0.0644
G_mean: 0.7724: 0.9077,4.2565,290,144,64,6,68,0.2437,0.0233
G_mean: 0.3068: 0.9165,10.104,253,235,81,5,18,0.6282,0.0916
G_mean: 0.7314: 0.7724,3.532,187,126,23,10,29,0.4217,0.053
G_mean: 0.7722: 0.2614,16.4605,189,248,5,5,34,0.8523,0.0101
G_mean: 0.8411: 0.8409,14.6414,262,208,52,9,87,0.0272,0.0587
G_mean: 0.8832: 0.8539,11.8427,106,416,49,5,47,0.5771,0.0183
G_mean: 0.7982: 0.3094,15.3457,174,234,83,2,32,0.7784,0.0216
G_mean: 0.8051: 0.3865,9.7963,158,226,81,4,65,0.5901,0.0218
G_mean: 0.7798: 0.1392,12.6877,240,328,16,4,80,0.1332,0.0749
G_mean: 0.8924: 0.4447,18.1836,60,452,70,5,20,0.0095,0.0995
G_mean: 0.3105: 0.1146,14.7868,61,153,6,4,94,0.8151,0.0984
G_mean: 0.8732: 0.2541,12.5869,26,247,30,2,73,0.7417,0.0759
G_mean: 0.8600: 0.1153,1.3064,181,331,5,9,66,0.8435,0.0369
G_mean: 0.7273: 0.8299,16.8769,151,277,73,9,27,0.8599,0.0323
G_mean: 0.8895: 0.8343,14.7832,109,498,68,8,8,0.1125,0.0899
G_mean: 0.8186: 0.6793,5.5951,40,345,68,10,28,0.6944,0.0518
G_mean: 0.2506: 0.517,7.1477,236,421,60,5,19,0.2707,0.0795
G_mean: 0.7644: 0.679,17.7484,193,159,76,4,37,0.585,0.0286
G_mean: 0.8360: 0.7729,7.8046,25,217,41,9,79,0.808,0.0034
G_mean: 0.9055: 0.938,14.0331,294,362,47,9,42,0.7667,0.0595
G_mean: 0.2575: 0.8142,16.0828,141,137,36,8,60,0.3553,0.0038
G_mean: 0.7257: 0.646,8.5798,234,164,52,8,91,0.3235,0.0346
G_mean: 0.0000: 0.5209,12.6007,140,45,9,8,38,0.9277,0.0554
G_mean: 0.8689: 0.7236,12.9432,54,403,50,8,27,0.3594,0.0025
G_mean: 0.5883: 0.6471,8.2866,219,252,70,5,22,0.9018,0.074
G_mean: 0.0000: 0.2505,18.2117,252,13,76,4,87,0.6826,0.0268
G_mean: 0.9002: 0.9228,7.8206,90,438,40,3,70,0.4487,0.0219
G_mean: 0.5658: 0.992,13.8047,240,76,33,4,85,0.322,0.0758
G_mean: 0.0000: 0.7329,10.6026,252,32,28,3,85,0.4534,0.061
G_mean: 0.7052: 0.782,3.1767,152,381,69,1,20,0.8944,0.0513
G_mean: 0.8938: 0.5367,9.5382,99,455,92,4,67,0.4251,0.0928
G_mean: 0.8870: 0.0491,10.3848,298,303,23,8,83,0.7386,0.0564
G_mean: 0.0000: 0.6672,13.6541,111,133,17,3,85,0.9266,0.0551
G_mean: 0.9206: 0.2029,1.5585,118,407,42,7,66,0.5229,0.0337
G_mean: 0.3616: 0.8899,13.4199,268,57,4,6,86,0.3988,0.0319
G_mean: 0.0000: 0.7891,1.3833,26,178,52,6,11,0.974,0.0229
G_mean: 0.2519: 0.4666,9.9141,253,23,30,1,11,0.7391,0.0671
G_mean: 0.2887: 0.202,3.4248,203,254,47,6,24,0.9629,0.007
G_mean: 0.7434: 0.4345,7.5636,130,280,21,7,82,0.8923,0.0793
G_mean: 0.8857: 0.5871,18.6418,289,328,48,5,75,0.7925,0.0109
G_mean: 0.9104: 0.1307,1.692,40,413,100,7,7,0.3531,0.0015
G_mean: 0.5067: 0.39,3.5137,282,80,83,9,21,0.7145,0.0833
G_mean: 0.7787: 0.6143,17.3998,200,205,18,10,44,0.8655,0.0138
G_mean: 0.9027: 0.6738,1.7215,18,498,96,7,29,0.4414,0.0982
G_mean: 0.8203: 0.33,4.8615,73,226,44,2,72,0.2471,0.0707
G_mean: 0.0000: 0.3649,14.012,97,87,95,2,2,0.9225,0.0832
G_mean: 0.8789: 0.4634,6.2548,203,430,20,2,87,0.6572,0.0638
G_mean: 0.3621: 0.0235,6.1926,136,38,37,6,40,0.1399,0.0104
G_mean: 0.0000: 0.1805,2.322,140,24,24,4,71,0.88,0.0853
G_mean: 0.8765: 0.6696,2.6398,88,307,71,2,57,0.6188,0.028
G_mean: 0.7282: 0.9539,4.2565,163,144,21,6,68,0.2437,0.0233
G_mean: 0.8665: 0.2395,10.104,253,235,81,5,18,0.6282,0.0916
G_mean: 0.6836: 0.7724,16.802,187,67,23,5,29,0.4217,0.053
G_mean: 0.0000: 0.7011,16.4605,286,248,5,5,34,0.8523,0.0101
G_mean: 0.6708: 0.8409,2.6559,262,208,60,6,87,0.0272,0.0587
G_mean: 0.8765: 0.5139,11.8427,107,416,60,5,62,0.5771,0.0581
G_mean: 0.7870: 0.3094,15.3457,174,234,52,2,32,0.7784,0.0216
G_mean: 0.7444: 0.3865,10.8224,158,226,81,5,36,0.4493,0.0218
G_mean: 0.2879: 0.1392,4.1989,240,184,15,4,80,0.1332,0.0749
G_mean: 0.0000: 0.4447,9.8322,60,452,61,5,55,0.9234,0.0995
G_mean: 0.1811: 0.1146,12.9386,91,153,6,5,94,0.8159,0.0984
G_mean: 0.5857: 0.2541,17.3892,26,44,77,2,73,0.7417,0.0759
G_mean: 0.8097: 0.1153,1.3064,181,331,5,9,66,0.8435,0.0369
G_mean: 0.4276: 0.8299,6.4254,151,296,23,9,27,0.8599,0.0717
G_mean: 0.8848: 0.9722,14.7832,109,498,68,9,8,0.1125,0.0899
G_mean: 0.8671: 0.8312,5.5951,40,279,68,10,78,0.6944,0.0518
G_mean: 0.0000: 0.6916,7.1477,236,421,60,5,31,0.2707,0.0795
G_mean: 0.8372: 0.9893,17.7484,50,159,76,8,37,0.205,0.0953
G_mean: 0.3641: 0.7729,7.8046,292,217,41,6,49,0.8899,0.0376
G_mean: 0.8309: 0.938,14.0331,294,318,47,9,42,0.7667,0.0595
G_mean: 0.8744: 0.8142,16.0828,118,304,36,8,55,0.3553,0.0038
G_mean: 0.8275: 0.0005,8.5798,234,164,63,1,71,0.3235,0.0346
G_mean: 0.8475: 0.5209,8.5239,68,358,9,3,95,0.14,0.0867
G_mean: 0.5894: 0.7236,12.9432,163,149,50,8,27,0.3594,0.0025
G_mean: 0.7984: 0.6471,8.0498,219,252,70,5,65,0.9018,0.0395
G_mean: 0.7893: 0.2505,3.7225,252,227,76,4,53,0.2896,0.0251
G_mean: 0.9189: 0.9228,7.8206,90,405,40,3,70,0.4487,0.0219
G_mean: 0.6986: 0.6002,12.4751,240,76,33,4,85,0.322,0.0758
Step: 0, max G_mean: 0.9206051336782215, hyperparameter: [0.20286743208422664, 1.558516153572139, 68.28518476451588, 406.54675237144005, 42.19720032093115, 6.603744238588559, 66.120990000913, 0.5228759220957604, 0.018530684110189637]
Round: 9, Step 1
G_mean: 0.8987: 0.72,9.5382,99,455,87,7,67,0.4251,0.0705
G_mean: 0.7334: 0.0491,10.3848,42,303,23,8,83,0.7386,0.0564
G_mean: 0.9258: 0.2029,1.5585,68,407,42,1,66,0.5229,0.0185
G_mean: 0.7108: 0.9091,13.4199,268,251,82,2,10,0.3988,0.0319
G_mean: 0.2582: 0.4345,7.2168,178,280,46,7,66,0.8923,0.0793
G_mean: 0.8987: 0.5871,18.6418,289,333,48,2,75,0.7925,0.0109
G_mean: 0.7892: 0.1307,14.543,40,413,35,7,7,0.3531,0.0989
G_mean: 0.9091: 0.5109,1.7215,18,498,96,7,39,0.4414,0.0653
G_mean: 0.9193: 0.33,4.8615,33,428,44,2,20,0.2471,0.0291
G_mean: 0.7928: 0.4634,6.2548,203,181,20,2,73,0.6572,0.0493
G_mean: 0.8132: 0.0235,6.1926,154,311,48,5,55,0.1399,0.0843
G_mean: 0.8832: 0.2743,8.8475,88,307,53,2,60,0.6188,0.0644
G_mean: 0.7766: 0.2395,5.9245,253,235,81,5,18,0.4961,0.0916
G_mean: 0.5386: 0.8409,14.6414,262,208,37,9,79,0.0927,0.0375
G_mean: 0.8588: 0.8539,9.0032,177,416,49,6,47,0.5771,0.0183
G_mean: 0.8418: 0.3777,8.2598,158,226,66,5,47,0.9522,0.0218
G_mean: 0.8671: 0.4447,14.7025,211,452,70,5,22,0.0095,0.0279
G_mean: 0.8360: 0.0126,12.5869,26,247,30,8,73,0.7417,0.0759
G_mean: 0.0000: 0.1153,1.3064,203,331,5,9,62,0.8435,0.0028
G_mean: 0.8845: 0.8343,14.7832,36,498,68,8,8,0.1125,0.0899
G_mean: 0.8105: 0.8312,5.5951,40,189,68,10,62,0.6944,0.0518
G_mean: 0.8407: 0.9893,17.7484,276,159,46,1,37,0.205,0.0069
G_mean: 0.7032: 0.7729,7.8046,25,217,62,9,79,0.7034,0.0994
G_mean: 0.8695: 0.938,14.0331,294,362,47,9,56,0.7667,0.0024
G_mean: 0.8332: 0.1529,16.0828,118,473,36,8,12,0.3553,0.052
G_mean: 0.5711: 0.0005,8.5798,234,164,63,6,71,0.3235,0.0346
G_mean: 0.8987: 0.5209,8.5239,63,358,44,10,95,0.7873,0.0135
G_mean: 0.8695: 0.1233,12.9432,54,403,36,8,6,0.3594,0.0025
G_mean: 0.8274: 0.6471,8.0498,219,252,70,5,65,0.7201,0.0319
G_mean: 0.8962: 0.5563,7.8206,52,405,40,3,12,0.1,0.0219
Step: 1, max G_mean: 0.9257916825132323, hyperparameter: [0.20286743208422664, 1.558516153572139, 68.28518476451588, 406.54675237144005, 42.19720032093115, 1.0055659374537615, 66.120990000913, 0.5228759220957604, 0.018530684110189637]
Round: 9, Step 2
G_mean: 0.6191: 0.5835,9.5382,202,371,87,7,67,0.4251,0.0705
G_mean: 0.2096: 0.6002,10.3848,298,260,23,8,83,0.6168,0.0564
G_mean: 0.9232: 0.5994,1.5585,144,407,42,1,66,0.2458,0.0185
G_mean: 0.5439: 0.9091,13.4199,268,383,4,6,10,0.571,0.0278
G_mean: 0.9040: 0.5871,18.6418,289,333,48,2,43,0.2725,0.0889
G_mean: 0.6446: 0.1307,6.4663,143,413,100,7,45,0.78,0.0015
G_mean: 0.8720: 0.5109,1.7215,18,480,96,7,39,0.4414,0.0363
G_mean: 0.9091: 0.33,4.8615,44,428,50,10,20,0.6116,0.0259
G_mean: 0.8712: 0.4634,15.5809,203,430,20,10,73,0.6114,0.0493
G_mean: 0.8589: 0.0235,6.1926,136,189,48,7,40,0.1399,0.0099
G_mean: 0.8383: 0.2743,2.6398,88,307,71,2,39,0.6188,0.0644
G_mean: 0.8860: 0.8539,11.8427,106,416,45,5,47,0.7073,0.0276
G_mean: 0.8989: 0.4447,18.1836,60,375,70,5,52,0.0095,0.0995
G_mean: 0.9154: 0.2541,12.5869,26,491,30,2,73,0.7417,0.0261
G_mean: 0.8430: 0.8343,14.7832,109,498,68,8,22,0.4432,0.0357
G_mean: 0.0000: 0.938,14.0331,294,362,67,9,42,0.7667,0.0595
G_mean: 0.8634: 0.5995,16.0828,286,304,36,8,55,0.3553,0.0038
G_mean: 0.4660: 0.6334,8.5239,246,358,49,10,95,0.7873,0.0709
G_mean: 0.8227: 0.2125,12.9432,54,403,36,4,6,0.3594,0.0025
G_mean: 0.7444: 0.9228,15.1884,90,405,40,3,70,0.7532,0.0219
Step: 2, max G_mean: 0.9257916825132323, hyperparameter: [0.20286743208422664, 1.558516153572139, 68.28518476451588, 406.54675237144005, 42.19720032093115, 1.0055659374537615, 66.120990000913, 0.5228759220957604, 0.018530684110189637]
Round: 9, Step 3
G_mean: 0.8845: 0.2029,4.8692,27,407,43,1,66,0.5229,0.0459
G_mean: 0.8683: 0.9091,13.4199,268,353,48,9,10,0.3988,0.0319
G_mean: 0.8989: 0.6492,18.6418,289,474,48,2,43,0.5765,0.069
G_mean: 0.8504: 0.1307,1.692,40,413,100,7,7,0.6394,0.0668
G_mean: 0.8419: 0.5109,1.7215,18,498,36,7,39,0.4414,0.0653
G_mean: 0.8886: 0.33,13.5908,33,481,18,2,20,0.2471,0.0291
G_mean: 0.8564: 0.0235,6.8563,136,439,82,6,40,0.1399,0.0579
G_mean: 0.8504: 0.2541,9.8039,26,411,30,2,73,0.7417,0.0105
G_mean: 0.9130: 0.938,14.0331,294,362,47,9,42,0.7667,0.0494
G_mean: 0.9261: 0.816,7.8206,90,405,40,3,70,0.4845,0.048
Step: 3, max G_mean: 0.9261397338576044, hyperparameter: [0.815998714963891, 7.820553619077866, 89.89833519029851, 405.25463022581545, 39.847191868086504, 3.408935087216655, 70.07189082280986, 0.4845444994125891, 0.0479714037473498]
Round: 9, Step 4
G_mean: 0.8789: 0.2029,5.0239,68,407,42,2,66,0.5229,0.0185
G_mean: 0.9128: 0.33,7.6777,33,428,44,3,20,0.2471,0.0457
G_mean: 0.8695: 0.7591,12.5869,81,491,30,2,71,0.7417,0.0261
G_mean: 0.9091: 0.938,8.1656,81,414,47,9,42,0.502,0.0494
G_mean: 0.8924: 0.816,8.2283,90,405,39,3,71,0.4845,0.048
Step: 4, max G_mean: 0.9261397338576044, hyperparameter: [0.815998714963891, 7.820553619077866, 89.89833519029851, 405.25463022581545, 39.847191868086504, 3.408935087216655, 70.07189082280986, 0.4845444994125891, 0.0479714037473498]
Round: 9, Step 5
G_mean: 0.9241: 0.2029,13.2847,68,407,42,3,66,0.5229,0.0185
G_mean: 0.9117: 0.33,7.6777,33,428,44,3,20,0.2471,0.0457
G_mean: 0.9315: 0.2737,12.5869,52,491,30,2,70,0.7417,0.0261
G_mean: 0.8882: 0.938,13.3,52,485,47,9,42,0.7737,0.0494
G_mean: 0.9390: 0.816,13.1866,90,405,32,3,70,0.4845,0.048
Step: 5, max G_mean: 0.9390250027561061, hyperparameter: [0.815998714963891, 13.186642419017467, 89.89833519029851, 405.25463022581545, 31.53441868991434, 2.899662674619443, 69.67830478353154, 0.4845444994125891, 0.0479714037473498]
Round: 9, Step 6
G_mean: 0.9053: 0.8834,1.5585,68,407,49,1,66,0.5229,0.0185
G_mean: 0.6437: 0.8778,4.8615,33,428,46,2,20,0.7669,0.0473
G_mean: 0.8845: 0.2737,13.2054,52,491,30,3,70,0.7417,0.0261
G_mean: 0.8407: 0.8822,13.0824,285,362,47,9,37,0.7667,0.0494
G_mean: 0.8873: 0.8168,13.1866,90,406,31,3,70,0.4845,0.048
Step: 6, max G_mean: 0.9390250027561061, hyperparameter: [0.815998714963891, 13.186642419017467, 89.89833519029851, 405.25463022581545, 31.53441868991434, 2.899662674619443, 69.67830478353154, 0.4845444994125891, 0.0479714037473498]
Round: 9, Step 7
G_mean: 0.8789: 0.2029,13.1654,68,407,42,9,66,0.5229,0.0185
G_mean: 0.9219: 0.33,13.101,33,428,44,3,20,0.2471,0.048
G_mean: 0.8857: 0.938,12.5869,294,491,30,2,42,0.7417,0.0261
G_mean: 0.8683: 0.938,13.1853,86,406,47,9,42,0.4799,0.0494
G_mean: 0.8576: 0.816,13.1839,90,405,49,9,36,0.4845,0.048
Step: 7, max G_mean: 0.9390250027561061, hyperparameter: [0.815998714963891, 13.186642419017467, 89.89833519029851, 405.25463022581545, 31.53441868991434, 2.899662674619443, 69.67830478353154, 0.4845444994125891, 0.0479714037473498]
computational time: 1.7818899105555557 h
